52.579305135951664 0.013122099986378595 0.013505433486517112
57.572418136020154 0.010015379825978138 0.01056379365410294
62.56663113006397 0.007740681955039987 0.008425441434762121
67.56170018281536 0.006024380867321085 0.006841281386436978
72.55744849445325 0.0046767570201574895 0.005642559605684231
77.55374479889043 0.0036016966418757927 0.00471587597333955
82.55048959608322 0.002858413536723561 0.003995082538535398
87.54760609357997 0.0026822929565628074 0.0034232986216384056
92.5450340798442 0.003327759617716037 0.002964040161992743
97.54272567922875 0.004491608900153234 0.00259128363999366
102.54064234734338 0.005208905796759692 0.0022852586606850484
107.538752703677 0.004864729420149493 0.002031297608022307
112.53703094140882 0.0037638090566699104 0.0018193686555515024
117.53545564272783 0.002564883799513462 0.0016407095491895339
122.53400888395336 0.0016405219982031241 0.0014895229401034361
127.53267555099949 0.0010569778859858046 0.001360758522607507
132.531442809682 0.0007383507477544157 0.0012508168923777638
137.53029969149404 0.0005856356905325668 0.0011565572838173205
142.52923676651622 0.0005254343787129006 0.0010750795909052573
147.52824588280353 0.0005129631966090569 0.0010046910473060654
52.579305135951664 -0.0008722801127837229 -0.0007971469761986882
57.572418136020154 0.0009447766052761396 0.0011035871628607887
62.56663113006397 0.0018904729948610874 0.002125599192607612
67.56170018281536 0.002298886822819932 0.002622997112949094
72.55744849445325 0.0023981438115527522 0.002820946144973557
77.55374479889043 0.002371656159409854 0.002850953539347028
82.55048959608322 0.0024085030461863085 0.002784738708083056
87.54760609357997 0.002624395389327932 0.0026665024289471598
92.5450340798442 0.0028939216822774514 0.002520607964952094
97.54272567922875 0.003012234446977909 0.0023617530225062268
102.54064234734338 0.003004883798689589 0.0021984963384256923
107.538752703677 0.0028732562909536807 0.0020356237277519675
112.53703094140882 0.002513822652721239 0.0018759593282660152
117.53545564272783 0.0020008717300374875 0.0017214630939383904
122.53400888395336 0.0015222082393067033 0.001573091560666915
127.53267555099949 0.0011874928999581868 0.0014312130150399818
132.531442809682 0.000993637689821961 0.0012960161258439471
137.53029969149404 0.0008872075645483383 0.001167386025628392
142.52923676651622 0.000819818807188891 0.0010450672090962859
147.52824588280353 0.0007627743498155935 0.0009288377860922747
