52.579305135951664 0.013215466869130032 0.013596272731375836
57.572418136020154 0.010099482498033677 0.01064507063848625
62.56663113006397 0.007819854743736188 0.008500663548349215
67.56170018281536 0.006098452449967003 0.006909812662914968
72.55744849445325 0.004743694271867747 0.005703218579571586
77.55374479889043 0.00366168219423651 0.004771804874551255
82.55048959608322 0.002903327966271735 0.004043314873954416
87.54760609357997 0.0027174468903185907 0.003465178762675554
92.5450340798442 0.003365259467756054 0.003000514311187346
97.54272567922875 0.004520687968236179 0.002622784448015714
102.54064234734338 0.005211915010970059 0.002312456359555046
107.538752703677 0.004859260250798285 0.0020549735007174474
112.53703094140882 0.0037836516593767176 0.0018393587131961902
117.53545564272783 0.0026010267472681547 0.0016577180533099466
122.53400888395336 0.0016785197538368426 0.0015039765761226545
127.53267555099949 0.0010847409797582483 0.0013727769363229706
132.531442809682 0.0007533501014452071 0.0012604367650334036
137.53029969149404 0.0005921183083857425 0.001163966179702512
142.52923676651622 0.0005282655126417274 0.0010807609874497876
147.52824588280353 0.0005136967080350357 0.0010087774784102899
52.579305135951664 -0.0008352733030831151 -0.0008102520297275009
57.572418136020154 0.0009378261387391895 0.0010526530617809837
62.56663113006397 0.0018622957626261202 0.0020542105806173657
67.56170018281536 0.0022686920590501225 0.0025419588264274486
72.55744849445325 0.0023746165309281543 0.002736903336025917
77.55374479889043 0.002332403240768323 0.002764427233886875
82.55048959608322 0.0022707176655174886 0.002699784679286785
87.54760609357997 0.002235537846887667 0.0025837791870979235
92.5450340798442 0.0021982309492260205 0.002442363688772102
97.54272567922875 0.002281144149885488 0.00228833576050248
102.54064234734338 0.0026732459872193495 0.0021309931868156904
107.538752703677 0.0030655643330249355 0.0019744886548816593
112.53703094140882 0.0029970971728260024 0.001821342824113296
117.53545564272783 0.00248975876706955 0.0016735657485735637
122.53400888395336 0.0018656539901748537 0.0015313196558323998
127.53267555099949 0.0013672588900851513 0.0013957253583401625
132.531442809682 0.0010506591758693768 0.001266652198092579
137.53029969149404 0.0008717249249840309 0.001144212233825306
142.52923676651622 0.0007674496915111683 0.0010275278460714265
147.52824588280353 0.0006978420041505887 0.000916617411644599
