#Ross et al. 2016, post-reconstruction correlation function monopole 
#redshift bin 2 bin center shifted by 1
#columns are bin center (Mpc/h) xi err_xi
3.5 3.36403010601 0.0157435383571
8.5 1.0787234446 0.00531256999954
13.5 0.482844845023 0.0036241274812
18.5 0.255748136215 0.00282990282519
23.5 0.146949949655 0.00237168505498
28.5 0.087649805519 0.00210702396759
33.5 0.0558101347002 0.00184736027888
38.5 0.0370958418387 0.00162321902404
43.5 0.0259822557881 0.00151743204131
48.5 0.0186580380461 0.00140692928038
53.5 0.0135740142079 0.00130446540774
58.5 0.00998583303848 0.00123813569531
63.5 0.00768653134418 0.00116505364683
68.5 0.00598855854972 0.00112305387226
73.5 0.00437889926833 0.00105039992384
78.5 0.0029967616931 0.000986831292572
83.5 0.00197483439269 0.000908431615478
88.5 0.00175946728417 0.000865378529893
93.5 0.00284585432036 0.000825358709895
98.5 0.00437595006763 0.000780763728666
103.5 0.00467865062918 0.000750601092459
108.5 0.00384080026839 0.000717386924888
113.5 0.00258458878807 0.000691245253148
118.5 0.00127659719879 0.000653355186709
123.5 0.000902767845916 0.000624442951758
128.5 0.00076805802556 0.000596366498053
133.5 0.000727053576652 0.00056775699027
138.5 0.000551970347756 0.000550159976734
143.5 0.000310964664439 0.000509547838775
148.5 0.000443927859019 0.000507284929798
153.5 0.000191938473784 0.000505810241098
158.5 -0.000237816671742 0.000488216140659
163.5 -9.96790042614e-05 0.000479449684534
168.5 0.000137424288218 0.000465799313009
173.5 -5.2358322628e-05 0.000459672709653
