#Ross et al. 2016, post-reconstruction correlation function quadrupole 
#redshift bin 1 bin center shifted by 0
#columns are bin center (Mpc/h) xi err_xi
2.5 2.90243466151 0.0350508202472
7.5 0.311108750602 0.00993136445812
12.5 -0.0473709198036 0.00553762584507
17.5 -0.0821498531616 0.00437167016139
22.5 -0.0636751010932 0.0038589117637
27.5 -0.0477465700559 0.00338340065614
32.5 -0.0331510531023 0.00311260180556
37.5 -0.0234860458455 0.00300946340732
42.5 -0.011811563783 0.00277149418184
47.5 -0.00680297030517 0.00266638894387
52.5 -0.00174005602312 0.00250496906169
57.5 0.000867661321827 0.00238543916292
62.5 0.00129222806392 0.00225149950033
67.5 0.001250438022 0.00212163851775
72.5 0.00125783889504 0.00202577145799
77.5 0.00119215267435 0.00192731678766
82.5 0.00142082094268 0.00184119254832
87.5 0.0028216790395 0.00174769848658
92.5 0.00372612278826 0.00169269607431
97.5 0.00313643808891 0.00165383796062
102.5 0.00255850876493 0.00161009937582
107.5 0.0017598721246 0.00154244610927
112.5 0.00210784904347 0.00152168656431
117.5 0.00123625939204 0.001487202071
122.5 0.00102256403642 0.00141733552838
127.5 -4.38504590569e-05 0.00138357146545
132.5 -0.00107486932373 0.00133534265266
137.5 -0.000191104817183 0.00133891747318
142.5 0.000852779117189 0.00131436296357
147.5 0.000960049754993 0.0012861337411
152.5 0.000629903648233 0.00124449186418
157.5 0.000857400591377 0.00118962599165
162.5 0.000444113491689 0.0011493998434
167.5 0.00101504512524 0.00113428832313
172.5 0.00100345680213 0.00111787298026
177.5 0.000695288498204 0.00105042372403
