#Ross et al. 2016, post-reconstruction correlation function monopole 
#redshift bin 2 bin center shifted by 3
#columns are bin center (Mpc/h) xi err_xi
5.5 2.04809831284 0.00834981436919
10.5 0.759360266499 0.00442445476867
15.5 0.367809294654 0.00325432020551
20.5 0.204621030632 0.00261994083903
25.5 0.119302505737 0.00224693346586
30.5 0.0721115992008 0.00200926354668
35.5 0.0474987594953 0.00176256347403
40.5 0.0317567410351 0.00155697784185
45.5 0.0226531927415 0.0014856076198
50.5 0.0165071189683 0.00136109147378
55.5 0.0118834424287 0.001276839849
60.5 0.00901044776894 0.00120694241785
65.5 0.00702487991727 0.00115537439819
70.5 0.00523311735581 0.00109700957152
75.5 0.00376661695869 0.0010218267955
80.5 0.00262023258864 0.000956023012275
85.5 0.00157248152194 0.000885567614584
90.5 0.00218492692684 0.000851718850326
95.5 0.00348129836413 0.000806946094854
100.5 0.00476537541148 0.000768622794354
105.5 0.00421098284206 0.000736671568611
110.5 0.00368148200726 0.000709631594562
115.5 0.00188282255619 0.000675752913423
120.5 0.000961580649057 0.000639294924116
125.5 0.000867150806817 0.000610118840883
130.5 0.000769105507403 0.000587968536573
135.5 0.000770264074967 0.000559825865783
140.5 0.000296827570809 0.000532787950314
145.5 0.000408082011806 0.000504599841459
150.5 0.000395249212005 0.000509943134085
155.5 -3.34061195526e-06 0.000497126744402
160.5 -0.000244194303364 0.000484127049441
165.5 -5.01782840848e-05 0.000475597518917
170.5 0.000139291746968 0.000459680323703
175.5 -7.7755602124e-05 0.000457574037725
