#Ross et al. 2016, post-reconstruction correlation function monopole 
#redshift bin 1 bin center shifted by 0
#columns are bin center (Mpc/h) xi err_xi
2.5 4.60957996258 0.023845460784
7.5 1.37838745924 0.00651172020283
12.5 0.584013887817 0.0043151129765
17.5 0.303698240358 0.00334469729572
22.5 0.173202789873 0.0027983066308
27.5 0.103924139559 0.00250506287346
32.5 0.067484020247 0.0022323485391
37.5 0.0442629932355 0.00196432685671
42.5 0.0325212780687 0.00177249823695
47.5 0.024035793108 0.00165194430899
52.5 0.017438680175 0.00151113533477
57.5 0.0130780955817 0.00140348494826
62.5 0.0109720547534 0.00128397429881
67.5 0.00854499596959 0.00122277962037
72.5 0.00667017041877 0.00114720965826
77.5 0.00400996519937 0.00108331435881
82.5 0.00379751629389 0.000994393282359
87.5 0.00340631620173 0.000947022703001
92.5 0.00404371396931 0.000894333271214
97.5 0.00529399921536 0.00083812707867
102.5 0.00540894855694 0.000824795732288
107.5 0.00479859093769 0.000797815768207
112.5 0.00351458731634 0.000771500486066
117.5 0.00157275379003 0.000725374386093
122.5 0.000437424549 0.000691328431355
127.5 0.000660513126197 0.00065404357653
132.5 0.000473267282019 0.000643353712976
137.5 0.000375496320102 0.000632442092211
142.5 0.00053667247651 0.000607967926786
147.5 0.000401006507633 0.000594328192163
152.5 0.000745342558112 0.000588499787596
157.5 0.000504502925308 0.000565681889404
162.5 0.000350207790062 0.000551801594778
167.5 0.000286285497305 0.000538292671323
172.5 0.000194479939373 0.000517623415235
177.5 0.000464796110763 0.000510557538383
