#Ross et al. 2016, post-reconstruction correlation function quadrupole 
#redshift bin 3 bin center shifted by 1
#columns are bin center (Mpc/h) xi err_xi
3.5 1.24498267521 0.0282317551704
8.5 0.0759264191028 0.00917432831329
13.5 -0.0885856846573 0.00554439356467
18.5 -0.0752806465881 0.00421189980887
23.5 -0.0569483864321 0.00356313064593
28.5 -0.0328935388458 0.00318439947243
33.5 -0.0229793213557 0.00291237360241
38.5 -0.00862665176591 0.0027053835218
43.5 -0.00610421233018 0.00249270335178
48.5 -0.00251081145861 0.00237682561413
53.5 -0.00069426115165 0.00221000452488
58.5 0.000898342389139 0.00203799411187
63.5 0.00242969117599 0.00196818444258
68.5 0.00319996808379 0.00190986648748
73.5 0.00517688784078 0.00179294729426
78.5 0.00330490218919 0.00173652238684
83.5 0.003525108862 0.00170972804855
88.5 0.0029257776436 0.00162740283888
93.5 0.00212903650384 0.00158054421007
98.5 0.00236877366194 0.00149202546895
103.5 0.00373658035419 0.00143587255702
108.5 0.00305919061875 0.00135559580997
113.5 0.00228356561803 0.00134279186771
118.5 0.00209802851296 0.00125352303529
123.5 0.00113662853713 0.00122369930947
128.5 -0.000119934624476 0.00122838511876
133.5 0.000229986103311 0.0012205326706
138.5 0.000567267867557 0.00116318098334
143.5 0.000626855459481 0.0011483553457
148.5 0.000997237464178 0.0011214232029
153.5 0.000954269704589 0.00109897679684
158.5 0.000308244278081 0.00104449988033
163.5 0.00112645912671 0.00107125627186
168.5 -0.000158867847739 0.00103935556957
173.5 0.000446422397723 0.00100277614651
