#Ross et al. 2016, post-reconstruction correlation function monopole 
#redshift bin 3 bin center shifted by 1
#columns are bin center (Mpc/h) xi err_xi
3.5 3.2205695598 0.0158972324635
8.5 1.0495258392 0.00587905604668
13.5 0.468806538979 0.00356868323055
18.5 0.243494193914 0.00268088604756
23.5 0.141347436173 0.0023131947605
28.5 0.0814608473806 0.00204905344001
33.5 0.0516465368564 0.00185368282077
38.5 0.0357855815465 0.00172380973428
43.5 0.0247669610536 0.00158306980263
48.5 0.0172815277484 0.00149908305307
53.5 0.0126864524216 0.00135608996752
58.5 0.0098376667637 0.00129746290891
63.5 0.00726200301537 0.00121023138284
68.5 0.00593819428033 0.00114380505332
73.5 0.00535816898047 0.00106732844055
78.5 0.00355604401094 0.00101860689179
83.5 0.00236039703842 0.000941582179101
88.5 0.00254811444111 0.000895479759682
93.5 0.00312939507655 0.000842493916892
98.5 0.00460693851845 0.000800756517301
103.5 0.00491267872174 0.000768948632875
108.5 0.00445481054168 0.000725911840377
113.5 0.00319543778294 0.000712961429532
118.5 0.00191321161182 0.000694014409072
123.5 0.0015003519339 0.000656328423885
128.5 0.000693149224098 0.00062937588133
133.5 0.00072949252304 0.00060935375604
138.5 0.000531810673809 0.000579477350722
143.5 0.000770439384047 0.000552142191831
148.5 0.000409207299253 0.000535388643884
153.5 -2.34844756032e-05 0.000536726187176
158.5 -0.000244985798673 0.000516440703276
163.5 1.02392569691e-06 0.000507626831442
168.5 0.000442585456635 0.000489105305635
173.5 -2.85725918316e-07 0.000483971073516
