#Ross et al. 2016, post-reconstruction correlation function monopole 
#redshift bin 2 bin center shifted by 0
#columns are bin center (Mpc/h) xi err_xi
2.5 4.28945146964 0.0227356988017
7.5 1.31354127159 0.00593941074518
12.5 0.558298690949 0.00387654485335
17.5 0.287361059768 0.00294099812989
22.5 0.163786539444 0.00244501942733
27.5 0.0970230113881 0.0021617816726
32.5 0.0606887691328 0.00189715049482
37.5 0.0400995468346 0.0016657820986
42.5 0.0276458446888 0.00153654482525
47.5 0.0199096894479 0.00142752583164
52.5 0.0145686168803 0.00131611169739
57.5 0.0104095410711 0.00124978398133
62.5 0.00823484333969 0.00118711835973
67.5 0.00622136653559 0.00112775883947
72.5 0.00476823550729 0.00106436835729
77.5 0.00308278609838 0.000999750968992
82.5 0.00226865207879 0.000923069878178
87.5 0.00167525405378 0.00087314832646
92.5 0.00257096484829 0.00082990722373
97.5 0.00407812871862 0.000787859124463
102.5 0.00480785887135 0.000758160273293
107.5 0.00396536600156 0.000728059063538
112.5 0.00289079289423 0.000694001440921
117.5 0.00164316194239 0.000661759019583
122.5 0.000817188800799 0.000626447922816
127.5 0.000793049675976 0.000602382768678
132.5 0.000722605556421 0.000574470190697
137.5 0.000626970724759 0.000551141542619
142.5 0.000314331758003 0.000517871605709
147.5 0.000444012975078 0.000505606566413
152.5 0.000243918631278 0.00050909429382
157.5 -0.000246669032083 0.00048968561343
162.5 -5.37650675153e-05 0.000482091277664
167.5 3.87007499185e-05 0.000466358231406
172.5 -6.50502725768e-06 0.000460311850814
177.5 2.24185792359e-05 0.000450407593186
