#Ross et al. 2016, post-reconstruction correlation function quadrupole 
#redshift bin 1 bin center shifted by 3
#columns are bin center (Mpc/h) xi err_xi
5.5 0.805221321225 0.0144053115204
10.5 0.0199978190255 0.00650788752208
15.5 -0.0774916806432 0.00473351877571
20.5 -0.0714738175865 0.00409543648467
25.5 -0.0536609058818 0.00350622303911
30.5 -0.0390090251433 0.00324083322619
35.5 -0.0281216219834 0.00305380909685
40.5 -0.0155698901799 0.0028899100332
45.5 -0.00811897326853 0.0027204135715
50.5 -0.00326371106218 0.00252284363368
55.5 -0.000355132217277 0.00245025304816
60.5 0.00095494859775 0.00233518521749
65.5 0.00185541304854 0.00214600326188
70.5 0.000579244671715 0.00207255639248
75.5 0.00151156819156 0.00196479006512
80.5 0.00133297523378 0.00188044941437
85.5 0.00181638839224 0.00178388620713
90.5 0.00419731065988 0.00171104938561
95.5 0.00319825119639 0.00165517974855
100.5 0.00265528959437 0.00162882165997
105.5 0.00199755048081 0.00156147686502
110.5 0.00216221308442 0.00154469414448
115.5 0.00155053627969 0.00149742111645
120.5 0.00127326360771 0.00143490069343
125.5 0.000493682947944 0.00140252629209
130.5 -0.000731379281353 0.00135358413111
135.5 -0.000777121278425 0.00133544749054
140.5 0.000490642772125 0.00132474525853
145.5 0.000950558434123 0.00130548458436
150.5 0.000798190229572 0.00125031995905
155.5 0.000477113730906 0.0012193276836
160.5 0.000655149615004 0.00116780563451
165.5 0.00092783663504 0.00113050873504
170.5 0.000910579028903 0.00114260229301
175.5 0.000861719296902 0.00107144295228
