#Ross et al. 2016, post-reconstruction correlation function monopole 
#redshift bin 3 bin center shifted by 4
#columns are bin center (Mpc/h) xi err_xi
6.5 1.58008650806 0.007803659398
11.5 0.630586760682 0.00417407474777
16.5 0.311584450485 0.00296523354898
21.5 0.175293411355 0.0024232705173
26.5 0.101548098758 0.00213957005027
31.5 0.0608684922062 0.00194001804115
36.5 0.0413315329236 0.001770816196
41.5 0.028667443037 0.00164892085923
46.5 0.0200102574379 0.00153222713721
51.5 0.0141315364522 0.00139281728881
56.5 0.0109138603495 0.00133047359989
61.5 0.00804244006961 0.00123409480997
66.5 0.00652534583515 0.00117774785077
71.5 0.00570065052603 0.00109354012272
76.5 0.00444405865821 0.00105174141309
81.5 0.0023637553787 0.000961347491805
86.5 0.0025074604804 0.000904447897891
91.5 0.00288903351184 0.000862516666506
96.5 0.00401847800801 0.000820585766389
101.5 0.00485292685442 0.000780706090664
106.5 0.00479582236477 0.000744661668142
111.5 0.00383111236216 0.000714179949312
116.5 0.00227840033689 0.000702944521282
121.5 0.0014793474056 0.00066813172354
126.5 0.00109653054495 0.000646341241141
131.5 0.000616640942967 0.000617516801391
136.5 0.000701342982403 0.000586557755042
141.5 0.000740739091662 0.000557556275187
146.5 0.000358966859145 0.000540926057793
151.5 0.000267684648389 0.000531415091995
156.5 -9.66637080863e-05 0.000528625576377
161.5 -7.56475866783e-05 0.000511495845535
166.5 0.000203559664627 0.000492967544571
171.5 0.000173699950611 0.000491354251025
176.5 -7.44486473084e-05 0.000465834734643
