#Ross et al. 2016, post-reconstruction correlation function monopole 
#redshift bin 3 bin center shifted by 3
#columns are bin center (Mpc/h) xi err_xi
5.5 1.98729409694 0.00919170278023
10.5 0.739190512556 0.00461326348695
15.5 0.355618919864 0.00316110107399
20.5 0.19429666549 0.00248117512481
25.5 0.112973045254 0.00218847892382
30.5 0.0674938856474 0.00198717387261
35.5 0.0439890582049 0.00179243688871
40.5 0.0314413119999 0.00165834857614
45.5 0.0210659191053 0.00154880922001
50.5 0.0152184351367 0.00145005172322
55.5 0.0115784918348 0.00132351048352
60.5 0.0083335148196 0.00126744625133
65.5 0.00680777925548 0.00119209479489
70.5 0.00561890018624 0.00110885526558
75.5 0.00487539500448 0.00105058555101
80.5 0.00281869452071 0.000986144512736
85.5 0.00231927052242 0.000905394941448
90.5 0.00276222506251 0.000876913906835
95.5 0.00373532789844 0.00082963787281
100.5 0.00502061496297 0.000787694103063
105.5 0.00457281342979 0.000746193004524
110.5 0.00429031085565 0.000718307733496
115.5 0.00256662346547 0.000714251356317
120.5 0.00145073424778 0.000674899251741
125.5 0.00136694277989 0.000644659600099
130.5 0.000569745760793 0.000623880597551
135.5 0.00078860534059 0.000593750789473
140.5 0.000606564533296 0.000564280958389
145.5 0.000506857591111 0.000546224312897
150.5 0.000226675560334 0.000534028089149
155.5 -2.62031127528e-05 0.000534021535146
160.5 -0.000149285803615 0.000511440123573
165.5 0.000118199337906 0.000496930578653
170.5 0.000410105346843 0.000488371784607
175.5 -0.000124695862753 0.000470549678568
