#Ross et al. 2016, post-reconstruction correlation function quadrupole 
#redshift bin 1 bin center shifted by 4
#columns are bin center (Mpc/h) xi err_xi
6.5 0.513973639396 0.0118556315732
11.5 -0.0232452260228 0.00589785554248
16.5 -0.0805148660737 0.00457306243124
21.5 -0.0680860644491 0.00395325182603
26.5 -0.0511727224173 0.00344380603403
31.5 -0.035139368661 0.0031872244979
36.5 -0.0257098603238 0.00303413084754
41.5 -0.0138343101666 0.00284456147763
46.5 -0.00771757465447 0.00268775556924
51.5 -0.00244834501197 0.00251857102342
56.5 0.000230718927182 0.00241100808792
61.5 0.00152750267744 0.00229711993592
66.5 0.00144373393959 0.00213127426672
71.5 0.000825456140242 0.00205319263587
76.5 0.00158123484172 0.00193725062911
81.5 0.00117954205495 0.00187055072104
86.5 0.00228787045354 0.00176245851015
91.5 0.00406152195794 0.00170022057393
96.5 0.00320870353718 0.00165652346799
101.5 0.00246115676368 0.00161628277229
106.5 0.0018221037962 0.00155851531914
111.5 0.00232877396844 0.00153433373162
116.5 0.00128215749627 0.00149430251288
121.5 0.00110688239205 0.00142387499451
126.5 0.000248351929684 0.00139848489445
131.5 -0.000797980032177 0.00133517414595
136.5 -0.000605560224937 0.00134209165112
141.5 0.000713411276062 0.00131671940823
146.5 0.00112347887985 0.00129879944564
151.5 0.000563894691075 0.00124545172528
156.5 0.000666270644988 0.00120413869633
161.5 0.000543352006393 0.00116027151995
166.5 0.000969996139281 0.00113352988492
171.5 0.0010322572601 0.00112836607535
176.5 0.00077744089444 0.00106218642432
