#Ross et al. 2016, post-reconstruction correlation function quadrupole 
#redshift bin 1 bin center shifted by 1
#columns are bin center (Mpc/h) xi err_xi
3.5 1.94524348808 0.0249609895637
8.5 0.176993086404 0.00840142844997
13.5 -0.0627757063078 0.00521897499515
18.5 -0.0795671273634 0.00424056599996
23.5 -0.0597000323764 0.00377316842985
28.5 -0.0455629798568 0.00332839300564
33.5 -0.0316279045341 0.00310562554085
38.5 -0.0201054843292 0.00297487646802
43.5 -0.010688256926 0.00275006363563
48.5 -0.00507745719381 0.0026182818794
53.5 -0.00155692192141 0.00248888730159
58.5 0.00111077744643 0.00238580594349
63.5 0.00128388060637 0.00218747799989
68.5 0.00104049203297 0.00211060654789
73.5 0.00131562626561 0.00200649694742
78.5 0.00129815543758 0.00190580691572
83.5 0.00150286075409 0.00182865524361
88.5 0.00328726625182 0.00172848199296
93.5 0.00368544469474 0.00168563637834
98.5 0.00271605869302 0.00164119164024
103.5 0.00246565028267 0.00160140875482
108.5 0.00186895317366 0.00153458789256
113.5 0.00200448817511 0.00152288213595
118.5 0.00148000119135 0.00146573189909
123.5 0.000660254438559 0.00140733791251
128.5 -0.000351150863148 0.00137394323027
133.5 -0.00101550058541 0.00133691061781
138.5 0.000129634188791 0.00133070657923
143.5 0.00101210016598 0.00131001908383
148.5 0.000925271026146 0.0012814015764
153.5 0.000336430055827 0.00123359231515
158.5 0.000609710854109 0.00118422126311
163.5 0.000915299732798 0.00113367543856
168.5 0.000937970898698 0.00114071030503
173.5 0.000816743522612 0.00110708626583
