#Ross et al. 2016, post-reconstruction correlation function quadrupole 
#redshift bin 3 bin center shifted by 4
#columns are bin center (Mpc/h) xi err_xi
6.5 0.320418790655 0.0127971871909
11.5 -0.0630748076106 0.00653524291821
16.5 -0.0849792579107 0.00462606744439
21.5 -0.0659493736163 0.00381782660685
26.5 -0.0425737951175 0.00332010542001
31.5 -0.0259532870626 0.00303342545648
36.5 -0.0126938449123 0.00278918984653
41.5 -0.00703484739042 0.00259772592858
46.5 -0.00401650763717 0.00240485966327
51.5 -4.80644824186e-06 0.00227953284688
56.5 -0.000253206370245 0.00210572552817
61.5 0.000858395772777 0.00198182239366
66.5 0.00386379829257 0.00191393834801
71.5 0.00456089365833 0.00183959234615
76.5 0.00365074574191 0.00178333395639
81.5 0.00312836248409 0.00171494314775
86.5 0.00378355165191 0.00164697601683
91.5 0.00222604241614 0.00160532551216
96.5 0.00275795556878 0.00152632892916
101.5 0.00244762673678 0.00146094147727
106.5 0.00379632682271 0.00138595093708
111.5 0.00264268567073 0.00135254574784
116.5 0.002083097602 0.00128017576918
121.5 0.00142993802528 0.0012528168262
126.5 0.000342564083253 0.00121720170884
131.5 0.000279655601607 0.00121199834983
136.5 0.00020039101835 0.00118357086818
141.5 0.00046232059297 0.00114457852505
146.5 0.000661785120093 0.00113344166149
151.5 0.00118463533806 0.00110548631832
156.5 0.000366347133077 0.00105566566677
161.5 0.00109176318048 0.00107086413704
166.5 0.000141768558153 0.00104745882974
171.5 0.00087167426143 0.00101328179694
176.5 -0.00012924052126 0.000986253517104
