#Ross et al. 2016, post-reconstruction correlation function quadrupole 
#redshift bin 1 bin center shifted by 2
#columns are bin center (Mpc/h) xi err_xi
4.5 1.25919501829 0.0182314837575
9.5 0.0819366035167 0.00732162550258
14.5 -0.0719420203837 0.0049525448004
19.5 -0.0751509839233 0.00415375733523
24.5 -0.0572779094313 0.00361467840893
29.5 -0.0417449807955 0.00328329103188
34.5 -0.0306853895032 0.00309581491695
39.5 -0.0171323639063 0.00292525041663
44.5 -0.00914441368059 0.00273066109212
49.5 -0.00450384089251 0.00256301775257
54.5 -0.000841301804205 0.00246424430607
59.5 0.00121623266092 0.00235453392416
64.5 0.00135508850192 0.00216650409647
69.5 0.000952797330203 0.00210638315603
74.5 0.00127624882917 0.00197642606743
79.5 0.00145788130329 0.00188839349713
84.5 0.00142944659528 0.00180900248756
89.5 0.00373794655777 0.00171497230298
94.5 0.0037379873113 0.00167136471184
99.5 0.00260622206496 0.00163004294422
104.5 0.00220463692989 0.00158381185751
109.5 0.00199084024946 0.00154283181196
114.5 0.00181768043062 0.00150880084836
119.5 0.00122782670182 0.00145268716522
124.5 0.000978719326349 0.00139873514291
129.5 -0.000820760308148 0.00136338182473
134.5 -0.00109921972333 0.00133605763349
139.5 0.000443921206107 0.00133280531211
144.5 0.000982981240228 0.00130645704101
149.5 0.000990078755606 0.00126816796995
154.5 0.0001796829746 0.00122699225751
159.5 0.000746108392193 0.00117313682067
164.5 0.000910497238751 0.00113227646801
169.5 0.00106566825089 0.00114325412748
174.5 0.000720795556652 0.00108858623912
