#Ross et al. 2016, post-reconstruction correlation function quadrupole 
#redshift bin 2 bin center shifted by 4
#columns are bin center (Mpc/h) xi err_xi
6.5 0.370062218224 0.0107500232558
11.5 -0.058174336373 0.00565327338805
16.5 -0.0892304316821 0.00402950369152
21.5 -0.0689314544534 0.00347560066751
26.5 -0.0529332991936 0.00310409084919
31.5 -0.0314025725656 0.00287576250758
36.5 -0.02254628258 0.0027251880669
41.5 -0.0143910358063 0.00260846889957
46.5 -0.00790071056157 0.00250690646016
51.5 -0.00328477266641 0.00231415643378
56.5 -0.00140987100564 0.0021494952896
61.5 -0.00102722212715 0.00201345474248
66.5 5.59229682168e-05 0.00187676050683
71.5 0.001758324112 0.00183636053105
76.5 0.000240979990745 0.00179509609771
81.5 0.00123827086372 0.00171290980498
86.5 0.00102791389526 0.00164512917426
91.5 0.00202126959721 0.00158109771994
96.5 0.00239738499902 0.00153019279831
101.5 0.00257513506238 0.00147774152002
106.5 0.00300896372716 0.00148492760766
111.5 0.00242460913935 0.00144896169722
116.5 0.00172854280267 0.00140062486055
121.5 0.00157541387257 0.00133951857023
126.5 0.000995204088224 0.00130906837102
131.5 0.000765262520806 0.00126140001586
136.5 0.000290584410118 0.00126392642191
141.5 0.000563647860154 0.00123181167392
146.5 0.00102070023192 0.00118738367851
151.5 0.000784993374764 0.00116471455731
156.5 -0.000274071294932 0.0011445261028
161.5 0.000302540328 0.00111863756418
166.5 0.000382538990209 0.00108630566601
171.5 0.000983806056757 0.00104294295146
176.5 0.00153246131881 0.00102292228444
