#Ross et al. 2016, post-reconstruction correlation function monopole 
#redshift bin 2 bin center shifted by 2
#columns are bin center (Mpc/h) xi err_xi
4.5 2.61448283381 0.0110397463739
9.5 0.899968371149 0.00476077724747
14.5 0.42025723212 0.00342352157873
19.5 0.22866462883 0.00273347032177
24.5 0.132306376545 0.00231020778286
29.5 0.0792523639372 0.00204574436331
34.5 0.0513733593743 0.00180827265643
39.5 0.0342157013401 0.00158624083922
44.5 0.0242878216932 0.0015110261414
49.5 0.0177271958857 0.00137775542097
54.5 0.0126541584812 0.00129066649449
59.5 0.00948785878299 0.00122639716242
64.5 0.00736777440961 0.00115602335617
69.5 0.00552505780179 0.0011057757458
74.5 0.00391221244554 0.00104000480768
79.5 0.00291683686184 0.000973773074181
84.5 0.00178436820705 0.000894375759958
89.5 0.00185200927841 0.00085469994735
94.5 0.00331366550064 0.000818741717515
99.5 0.0045677812359 0.000775453415751
104.5 0.00436989906913 0.000743466878886
109.5 0.00385588862186 0.00071235875793
114.5 0.00223629165801 0.000682351082655
119.5 0.00103531082468 0.000647491312683
124.5 0.000945343978243 0.000617294905211
129.5 0.000698904971784 0.000592487974562
134.5 0.000729861514811 0.000563400390486
139.5 0.000453822630403 0.000541560707585
144.5 0.000425238833919 0.000506289442908
149.5 0.000407017617147 0.000509257302353
154.5 7.54137403089e-05 0.000502157345859
159.5 -0.000332411495385 0.000483983470792
164.5 -1.46737807528e-05 0.00047643992276
169.5 0.000141160289447 0.000464178844843
174.5 -3.552246053e-05 0.000459795606765
