#Ross et al. 2016, post-reconstruction correlation function monopole 
#redshift bin 1 bin center shifted by 1
#columns are bin center (Mpc/h) xi err_xi
3.5 3.56587279154 0.0167421623454
8.5 1.13332635547 0.00581051632818
13.5 0.505890331277 0.00410257236377
18.5 0.270104688869 0.00317819130953
23.5 0.15619626085 0.00273924442137
28.5 0.094466639172 0.00243897724467
33.5 0.0616838190189 0.00217609742429
38.5 0.0412942937458 0.00191843946999
43.5 0.0309660806241 0.00174051141909
48.5 0.0226529059013 0.00162024689477
53.5 0.0162985469018 0.00149748455752
58.5 0.0123330998083 0.00137371030425
63.5 0.0104194875926 0.00126735945966
68.5 0.00837393475531 0.00121287262316
73.5 0.00607085091583 0.00113512554372
78.5 0.00396026955155 0.00106065545772
83.5 0.00353431768403 0.000991039857927
88.5 0.00346701331206 0.000929619276909
93.5 0.00436741934468 0.000887201217312
98.5 0.0053699320398 0.00083455616947
103.5 0.00539561076304 0.00081799572126
108.5 0.00463043552293 0.000792754060223
113.5 0.00308935804875 0.000765556007095
118.5 0.00118667160767 0.000717232877105
123.5 0.000469854038793 0.000682178862176
128.5 0.000652951169701 0.000652117320733
133.5 0.000351056308511 0.000636078611494
138.5 0.000480838701149 0.000629510127004
143.5 0.000471074235658 0.000605822581289
148.5 0.000577501419122 0.000593995791231
153.5 0.000660909129249 0.000582825016622
158.5 0.000457630634323 0.000560548838193
163.5 0.000321164159119 0.000551352881556
168.5 0.000293026289115 0.000529672540349
173.5 0.000268077244456 0.000517399265558
