#Ross et al. 2016, post-reconstruction correlation function quadrupole 
#redshift bin 3 bin center shifted by 3
#columns are bin center (Mpc/h) xi err_xi
5.5 0.532393325959 0.0164651753711
10.5 -0.0329778190558 0.00720963244556
15.5 -0.0925299500111 0.0048536275094
20.5 -0.0667798138475 0.00391770340889
25.5 -0.0482411357098 0.00340615619137
30.5 -0.0277805265519 0.00304829624545
35.5 -0.0164175010621 0.00284705988697
40.5 -0.00692481222968 0.00263998106054
45.5 -0.00434706161873 0.00243489219474
50.5 -0.00186715564814 0.00231508747135
55.5 0.00115172122377 0.00212431871432
60.5 -0.000266945011693 0.00201733487552
65.5 0.00329804842899 0.00192718966373
70.5 0.00399098368302 0.0018680899336
75.5 0.00461069228383 0.0017835750615
80.5 0.002772568313 0.00172993352473
85.5 0.00387495365446 0.0016555240862
90.5 0.00299378868077 0.00161959871573
95.5 0.00289076535913 0.00153571807309
100.5 0.00184802735133 0.00148199190281
105.5 0.00393241999681 0.00139391176191
110.5 0.00316341164273 0.00134475276538
115.5 0.00180255577213 0.00131298895654
120.5 0.00155376412934 0.00125111949869
125.5 0.000947928166712 0.00121906521565
130.5 -0.00016879469241 0.0012119488438
135.5 7.43972703445e-05 0.0011997749789
140.5 0.000568539040745 0.00115216752254
145.5 0.000373451299554 0.0011318215407
150.5 0.00107870220335 0.00111103555299
155.5 0.000918221307431 0.00107280473526
160.5 0.00101677318099 0.0010844030616
165.5 0.000105957466614 0.00103929783989
170.5 0.000625531815632 0.00102378708724
175.5 0.000104788654259 0.000990539247077
