#Ross et al. 2016, post-reconstruction correlation function monopole 
#redshift bin 3 bin center shifted by 2
#columns are bin center (Mpc/h) xi err_xi
4.5 2.53020839883 0.0117433811145
9.5 0.872320700847 0.00513874498297
14.5 0.408250924993 0.00336657095574
19.5 0.217735214569 0.00258801468311
24.5 0.125714336599 0.00225072654936
29.5 0.0736830907992 0.00202314853632
34.5 0.0479004647913 0.00181463770489
39.5 0.0334482461482 0.00168790106345
44.5 0.022576503892 0.00157299713922
49.5 0.0169077606046 0.00147143467405
54.5 0.0117356877921 0.00134212518045
59.5 0.00893856839556 0.00128143669372
64.5 0.00727181621733 0.00120611359332
69.5 0.00564745381925 0.00111702730495
74.5 0.00499059650598 0.00106425091027
79.5 0.00327915677478 0.000998935933882
84.5 0.00237006353878 0.000924273768967
89.5 0.00262418766509 0.000881057886861
94.5 0.00344316894112 0.00083837581072
99.5 0.00487043485923 0.000792777396247
104.5 0.00468740422517 0.000757625237172
109.5 0.00434587869488 0.000719597804332
114.5 0.00299737265618 0.00071874682608
119.5 0.00154993274826 0.00068225874857
124.5 0.00153789082235 0.000651543551883
129.5 0.000547249846845 0.000623802853472
134.5 0.000764958246654 0.000600682112269
139.5 0.000536455780456 0.000570751259307
144.5 0.00073519944566 0.000553048822438
149.5 0.000311779691262 0.00053779085154
154.5 -0.000125213931782 0.000535428800122
159.5 -0.000182667539429 0.000511767525347
164.5 0.000241548003477 0.000499820967948
169.5 0.000277241128575 0.000489349568305
174.5 1.65656284962e-07 0.0004752010101
