#Ross et al. 2016, post-reconstruction correlation function monopole 
#redshift bin 1 bin center shifted by 4
#columns are bin center (Mpc/h) xi err_xi
6.5 1.70581715822 0.00753704849394
11.5 0.678839096852 0.00460598523662
16.5 0.34280519793 0.0034895701741
21.5 0.193264835332 0.00289434794038
26.5 0.114830460014 0.00256344494772
31.5 0.072577253419 0.00227161836584
36.5 0.0479529261431 0.00201073867024
41.5 0.0345321304095 0.0018081205712
46.5 0.025767153398 0.00167570283762
51.5 0.0186280633383 0.0015343402491
56.5 0.0137693665864 0.00142677258174
61.5 0.0112291809003 0.00131381505548
66.5 0.00913293401901 0.00122686592585
71.5 0.00709829558585 0.00116348614087
76.5 0.00430738789402 0.00109556834565
81.5 0.00383219920434 0.00101659234701
86.5 0.00336256512719 0.000956640475832
91.5 0.00376473267126 0.000903070318414
96.5 0.00516265131342 0.000846522888054
101.5 0.00545241668274 0.000828823865487
106.5 0.00506094545415 0.000804044774873
111.5 0.00387270784381 0.000777827101611
116.5 0.00189578470333 0.000734746895196
121.5 0.000453135813001 0.000698733854912
126.5 0.000589547649511 0.000656952053045
131.5 0.000566182283613 0.000645502130128
136.5 0.000447596413858 0.00063270846367
141.5 0.000421000702856 0.000612921691572
146.5 0.000473789256102 0.000600324079144
151.5 0.000750444790508 0.000590039829164
156.5 0.000511335577366 0.000567686533221
161.5 0.00030146549039 0.000553103064537
166.5 0.000363805188738 0.00054523664587
171.5 0.000191969149884 0.000520062496244
176.5 0.000435550806274 0.000509605729952
