#Ross et al. 2016, post-reconstruction correlation function monopole 
#redshift bin 1 bin center shifted by 3
#columns are bin center (Mpc/h) xi err_xi
5.5 2.14998436489 0.00920244532719
10.5 0.797349311449 0.0048391321536
15.5 0.387033273132 0.00367734958904
20.5 0.215909651182 0.00297566127105
25.5 0.127597540094 0.00261521318443
30.5 0.0784378795313 0.00233187692643
35.5 0.0522630408446 0.00206077412639
40.5 0.0365778908133 0.00183377752195
45.5 0.0271539902177 0.00171452908987
50.5 0.0200937898173 0.00155338340406
55.5 0.0143148156442 0.00145674294232
60.5 0.0115989284449 0.00132917267501
65.5 0.0097505986027 0.00123997983855
70.5 0.00740150756609 0.00118182062937
75.5 0.00486137791406 0.00110144904558
80.5 0.00388750667879 0.00103569300471
85.5 0.0033730521621 0.000965007253859
90.5 0.00368502102648 0.000911094945656
95.5 0.00495290307958 0.000857602472011
100.5 0.00535980416053 0.00083079239284
105.5 0.00508471268954 0.000810185781164
110.5 0.00444769791488 0.000782210329771
115.5 0.002109502165 0.000748197166528
120.5 0.000710468109539 0.000702044870361
125.5 0.000573225970717 0.000667639124078
130.5 0.000483150729189 0.000644255384145
135.5 0.000389259524619 0.000635886782376
140.5 0.000430346728653 0.000617418010751
145.5 0.00053055270211 0.000603193998644
150.5 0.000716772778569 0.000589031408331
155.5 0.000566806428694 0.000571155845632
160.5 0.000376986942532 0.000556584225432
165.5 0.000335207185035 0.000550252669235
170.5 0.000159978485014 0.000521067174172
175.5 0.000494566159301 0.000510289133727
