#Ross et al. 2016, post-reconstruction correlation function quadrupole 
#redshift bin 3 bin center shifted by 0
#columns are bin center (Mpc/h) xi err_xi
2.5 1.75783807777 0.0394772086146
7.5 0.174222550166 0.0107521625732
12.5 -0.0818069845924 0.00601826386926
17.5 -0.0806753656831 0.00437125840005
22.5 -0.0613529412844 0.00370336333621
27.5 -0.036708041098 0.00325811295077
32.5 -0.0247066579976 0.00297012625994
37.5 -0.0107393677104 0.00274983635877
42.5 -0.00617381381061 0.0025434484465
47.5 -0.00341228158876 0.00241353475218
52.5 -0.000115246450561 0.00223890821607
57.5 0.000189691221423 0.00206025241172
62.5 0.00150212810192 0.00200163433224
67.5 0.00345612735643 0.00191129014019
72.5 0.00515669436053 0.00179505153129
77.5 0.00318345232962 0.00176671163465
82.5 0.00351361041398 0.00170118194206
87.5 0.00314036553193 0.00164942717329
92.5 0.00232178887096 0.00158831671905
97.5 0.00258965038959 0.00151329772352
102.5 0.00322696344803 0.00145357490347
107.5 0.00295031192523 0.00135944473959
112.5 0.00266975599896 0.00135028515507
117.5 0.00210999868241 0.00127861252927
122.5 0.00173664392235 0.00124124131417
127.5 -0.000422533736744 0.00122239518978
132.5 0.000299036880008 0.00120807284549
137.5 0.000316127557474 0.00117113193108
142.5 0.000482699605596 0.00114388810642
147.5 0.000931517570138 0.0011378664245
152.5 0.00107118613486 0.00109588320546
157.5 0.00038653057407 0.00104736335624
162.5 0.00113638318543 0.00107896246459
167.5 -2.61681114589e-05 0.00104315387168
172.5 0.000645914555208 0.00100791864751
177.5 6.52118109128e-05 0.000980787438745
