#Ross et al. 2016, post-reconstruction correlation function monopole 
#redshift bin 3 bin center shifted by 0
#columns are bin center (Mpc/h) xi err_xi
2.5 4.07611671544 0.022814622504
7.5 1.2742490112 0.00677782413463
12.5 0.541437397785 0.00386164472732
17.5 0.275738579648 0.00277533061094
22.5 0.157374250623 0.00238219646545
27.5 0.09074567771 0.00208584035822
32.5 0.0561149491651 0.00189471897652
37.5 0.0381988317573 0.00174745815401
42.5 0.0265643143316 0.00161670652872
47.5 0.0191197242604 0.00151689485463
52.5 0.0130269406487 0.00136284628627
57.5 0.0102099379816 0.00131670421887
62.5 0.00763523877868 0.0012212943953
67.5 0.0063570667543 0.0011634259753
72.5 0.00564618571743 0.00108198428824
77.5 0.0038881424533 0.00103426302264
82.5 0.00228844996233 0.00095229354718
87.5 0.00242376895778 0.000901058266706
92.5 0.00317164660076 0.000852720352753
97.5 0.00397402494235 0.000810234533947
102.5 0.00516020802175 0.000775974226376
107.5 0.00468681724827 0.00073177182236
112.5 0.00343931845282 0.000714497025886
117.5 0.0021557197958 0.000696128580077
122.5 0.00149864934433 0.000660546743236
127.5 0.000969179260328 0.000640320232384
132.5 0.000582318752311 0.000614339482697
137.5 0.000549035572032 0.000582106519462
142.5 0.000759428055228 0.000556705487668
147.5 0.000482768809994 0.000537322994111
152.5 7.83166032506e-05 0.000534944856971
157.5 -0.000183232357125 0.000522985659459
162.5 -2.30872335318e-05 0.000508867369754
167.5 0.000329354331858 0.000491932922257
172.5 8.06746961462e-05 0.000486927099266
177.5 -3.39672449682e-05 0.000463831866089
