#Ross et al. 2016, post-reconstruction correlation function monopole 
#redshift bin 1 bin center shifted by 2
#columns are bin center (Mpc/h) xi err_xi
4.5 2.75209654938 0.0118848222536
9.5 0.944205008037 0.00530930315578
14.5 0.441508498029 0.00386381935396
19.5 0.241016209769 0.00307236065591
24.5 0.141551270399 0.0026774708215
29.5 0.0857029597965 0.00238729135214
34.5 0.0565435007559 0.00211108976597
39.5 0.0386712295441 0.00187704022333
44.5 0.0290933877181 0.00173240295544
49.5 0.0215213092862 0.00158672618936
54.5 0.0152699704531 0.00147822866973
59.5 0.0120751690435 0.00134722306987
64.5 0.00986084612053 0.0012536865637
69.5 0.00789770500501 0.00119316805187
74.5 0.00537475046035 0.00111835593618
79.5 0.00396043536955 0.00105127065973
84.5 0.00344432029776 0.00097173813345
89.5 0.00356859749199 0.000922196833653
94.5 0.00466834057119 0.000870513067105
99.5 0.00542632926766 0.000830004819263
104.5 0.00522308860444 0.000815103674387
109.5 0.00460790670248 0.000789808837631
114.5 0.00250840743988 0.000754703252941
119.5 0.000998731492888 0.000709191088494
124.5 0.000513554022629 0.000677727083714
129.5 0.000563478232172 0.000646887934653
134.5 0.000350579841337 0.000635396726463
139.5 0.000478106443629 0.000625348702725
144.5 0.000469779188856 0.000604323588816
149.5 0.000665188166949 0.000590841772389
154.5 0.000627816081014 0.000576339309782
159.5 0.000364498030718 0.000556277808294
164.5 0.000343552684307 0.000552042570822
169.5 0.000238036625745 0.000527025616076
174.5 0.000417964136574 0.000512372911072
