#Ross et al. 2016, post-reconstruction correlation function quadrupole 
#redshift bin 3 bin center shifted by 2
#columns are bin center (Mpc/h) xi err_xi
4.5 0.830929281161 0.021380598682
9.5 0.00581712348805 0.0080080084915
14.5 -0.0891231569459 0.00516703009474
19.5 -0.0726034487083 0.00406816912136
24.5 -0.0514629328748 0.00349997142845
29.5 -0.0297065039874 0.00309909180245
34.5 -0.0201694756521 0.00291223797105
39.5 -0.00792134715818 0.0026628030344
44.5 -0.00577636489243 0.00244762333704
49.5 -0.000780539713823 0.00233385517974
54.5 -5.94790031944e-05 0.00217367660888
59.5 -3.05863757517e-05 0.00203204330663
64.5 0.00301802931808 0.00194609866142
69.5 0.00366547092541 0.0018687241637
74.5 0.00462312105017 0.00180507617568
79.5 0.00352566820624 0.00171186155982
84.5 0.00352177561088 0.00167871975029
89.5 0.0029433365176 0.00163722325906
94.5 0.00253074925646 0.00154445783367
99.5 0.00205758691602 0.00148241357252
104.5 0.00386452384845 0.00141099964564
109.5 0.00263822175887 0.00135273057184
114.5 0.00237032994464 0.00132711340887
119.5 0.00184764532078 0.00125215414387
124.5 0.00124924873983 0.00121816665527
129.5 -0.000183048783364 0.00121095829821
134.5 -2.29138668407e-05 0.00121683195224
139.5 0.000784790593392 0.00116742879869
144.5 0.000437942138747 0.00113656500034
149.5 0.000937104232955 0.0011082373392
154.5 0.000841612557075 0.00108916481765
159.5 0.000436903727358 0.00106822750386
164.5 0.000784358542008 0.00105328533646
169.5 0.000418478231472 0.00103409380619
174.5 0.000255546515448 0.000991398002822
