#Ross et al. 2016, post-reconstruction correlation function quadrupole 
#redshift bin 2 bin center shifted by 1
#columns are bin center (Mpc/h) xi err_xi
3.5 1.46971034953 0.0214891833256
8.5 0.0956473542457 0.00767486807704
13.5 -0.0850022517515 0.00490603709729
18.5 -0.0827696473787 0.00374468957325
23.5 -0.0622778444789 0.00332828784813
28.5 -0.042842266827 0.00302768558473
33.5 -0.0283343137889 0.0028129379659
38.5 -0.0188385010273 0.00269151815896
43.5 -0.0111304642605 0.00256756499431
48.5 -0.00578588669893 0.00244125787249
53.5 -0.00265318592714 0.00222800583482
58.5 -0.000932449452402 0.00209075823566
63.5 -0.000806734726165 0.00195465853795
68.5 0.000999516406913 0.00186591264533
73.5 0.00125777271211 0.0018101298296
78.5 0.000274937566703 0.0017675548082
83.5 0.00108581172792 0.00167938977012
88.5 0.00178422220824 0.00162366868542
93.5 0.0021872347391 0.00155716087801
98.5 0.00196773181612 0.00151801515144
103.5 0.00312785579982 0.00147493389682
108.5 0.00267728890426 0.00146849242422
113.5 0.00230744532592 0.00144294837052
118.5 0.00155567945784 0.00137188556374
123.5 0.00149663402748 0.00132387688249
128.5 0.000770438497169 0.00128155764599
133.5 0.000419614729738 0.00126692541217
138.5 0.000654724535342 0.00124951190471
143.5 0.000611245833896 0.00121380393804
148.5 0.000958156424352 0.00118729103425
153.5 0.00055130474128 0.00115572488076
158.5 -0.000407997085073 0.00113111891506
163.5 0.00050917759657 0.0010911690978
168.5 0.000529555237141 0.00108475803754
173.5 0.00112286485917 0.00102847459862
