10.0 0.4038848525231302
11.0 0.3529555148953713
12.0 0.3096139610154579
13.0 0.2725899182410913
14.0 0.24079216249362578
15.0 0.2133788774486215
16.0 0.1896576460824678
17.0 0.16907461172766586
18.0 0.15114794591230168
19.0 0.1354960205756267
20.0 0.12174172562921036
21.0 0.10966878577547452
22.0 0.09898928440548792
23.0 0.0895756173082183
24.0 0.0812258724453504
25.0 0.07379723313097213
26.0 0.06717336534229969
27.0 0.06125137381667644
28.0 0.05594059070943864
29.0 0.05119985075766805
30.0 0.04692656607663838
31.0 0.043058210600083704
32.0 0.03958430811622415
33.0 0.03642858574783224
34.0 0.03357224184742289
35.0 0.030971478269650896
36.0 0.028614752527125302
37.0 0.026451118329823445
38.0 0.02449215263981168
39.0 0.022696452654323178
40.0 0.02104518432435193
41.0 0.01953265644127348
42.0 0.018151696422968915
43.0 0.016878715386332805
44.0 0.01570473889069379
45.0 0.014621450497305314
46.0 0.013621236534452194
47.0 0.01269718419563823
48.0 0.011842896750460952
49.0 0.01105240739822421
50.0 0.010320262383195902
51.0 0.009641469182783536
52.0 0.009011595349949782
53.0 0.008426475968350642
54.0 0.007882261605029858
55.0 0.0073754218732181645
56.0 0.006902822494297716
57.0 0.006461622188925831
58.0 0.006049188222783513
59.0 0.005663114123477417
60.0 0.005301225549929334
61.0 0.004963475063886808
62.0 0.004649763731779002
63.0 0.004354672006014017
64.0 0.004076721389256929
65.0 0.003814584193792734
66.0 0.0035701992043695695
67.0 0.0033421333217951476
68.0 0.0031263490751411425
69.0 0.002922013178605935
70.0 0.0027324830922262713
71.0 0.0025551925580896695
72.0 0.0023872064312010118
73.0 0.00222979694250595
74.0 0.002085956913425359
75.0 0.0019501863423093508
76.0 0.001823624692553464
77.0 0.0017111787381886652
78.0 0.001606268196261316
79.0 0.0015118960641404761
80.0 0.001431286991889268
81.0 0.0013579124451521987
82.0 0.00129979210801235
83.0 0.001252920296604888
84.0 0.0012149524988614043
85.0 0.0011958904294235725
86.0 0.0011832706111688635
87.0 0.0011880167104389141
88.0 0.0012020471094263897
89.0 0.0012269655067500085
90.0 0.0012634889900078907
91.0 0.0013051818791247629
92.0 0.0013564559644655162
93.0 0.0014090628140309431
94.0 0.0014641076746486177
95.0 0.0015179393543272375
96.0 0.0015658191694260207
97.0 0.0016095041121924932
98.0 0.0016408434249064634
99.0 0.0016650484645669282
100.0 0.001672543685987899
101.0 0.0016715979074525293
102.0 0.0016514463944264557
103.0 0.0016239218033326712
104.0 0.001576578249443644
105.0 0.001524705458057953
106.0 0.0014542402787275847
107.0 0.0013824782132611532
108.0 0.0012955349211621972
109.0 0.0012085916290632413
110.0 0.0011135141940974097
111.0 0.0010177174098333964
112.0 0.0009207396905459547
113.0 0.0008232916225277717
114.0 0.0007278543122678713
115.0 0.0006347113964359031
116.0 0.0005430416064074546
117.0 0.00045838735072511376
118.0 0.000373733095042773
119.0 0.0002982072398066632
120.0 0.00022450237479981639
121.0 0.0001561173986567551
122.0 9.4325257944713e-05
123.0 3.266567110353204e-05
124.0 -1.7323646525409964e-05
125.0 -6.731296415435196e-05
126.0 -0.00011155522413645907
127.0 -0.0001506329367766927
128.0 -0.0001897106494169263
129.0 -0.00021921341724862712
130.0 -0.00024863860549030733
131.0 -0.0002747432798956111
132.0 -0.00029599043375389667
133.0 -0.00031723758761218216
134.0 -0.0003333240336468706
135.0 -0.00034785024333866733
136.0 -0.0003619674809858771
137.0 -0.0003711396841986166
138.0 -0.000380311887411356
139.0 -0.0003881026508549017
140.0 -0.00039309559366570995
141.0 -0.00039808853647651816
142.0 -0.0004014070456198518
143.0 -0.00040323612554939663
144.0 -0.00040506520547894156
145.0 -0.00040532584479798016
146.0 -0.00040481863263044866
147.0 -0.0004043114204629171
148.0 -0.00040253551184789874
149.0 -0.0004003494737224952
150.0 -0.00039816343559709164
151.0 -0.0003950654591256996
152.0 -0.00039171202319158587
153.0 -0.0003883585872574722
154.0 -0.00038442981831506387
155.0 -0.0003803057263163178
156.0 -0.00037618163431757173
157.0 -0.00037174875168060955
158.0 -0.0003671500527470632
159.0 -0.00036255135381351686
160.0 -0.0003578316924071478
161.0 -0.0003529872129177906
162.0 -0.0003481427334284333
163.0 -0.0003432779284105155
164.0 -0.00033835813670527576
165.0 -0.00033343834500003606
166.0 -0.00032851855329479635
167.0 -0.00032364269189619893
168.0 -0.0003187676122217151
169.0 -0.00031389253254723116
170.0 -0.0003091091161136924
171.0 -0.0003043798251893971
172.0 -0.0002996505342651017
173.0 -0.0002949654620078492
174.0 -0.0002904495682047434
175.0 -0.0002859336744016377
176.0 -0.00028141778059853195
177.0 -0.000277078115281112
178.0 -0.0002728081560679219
179.0 -0.0002685381968547318
180.0 -0.00026430520898458213
181.0 -0.00026027315419901303
182.0 -0.0002562410994134439
183.0 -0.0002522090446278748
184.0 -0.00024829555821745744
185.0 -0.00024449051474657006
186.0 -0.00024068547127568263
187.0 -0.00023688042780479522
188.0 -0.00023324384596401762
189.0 -0.00022964529979395594
190.0 -0.00022604675362389426
191.0 -0.00022245610821951104
192.0 -0.0002190870143497237
193.0 -0.0002157179204799363
194.0 -0.00021234882661014893
195.0 -0.00020902616465354838
196.0 -0.0002059198849766362
197.0 -0.00020281360529972398
198.0 -0.0001997073256228118
199.0 -0.00019666690768883172
200.0 -0.00019383393715832715
201.0 -0.00019100096662782258
202.0 -0.00018816799609731798
203.0 -0.0001853881175125734
204.0 -0.00018279029648776674
205.0 -0.0001801924754629601
206.0 -0.00017759465443815346
207.0 -0.0001750197183359922
208.0 -0.00017259865891734754
209.0 -0.00017017759949870288
210.0 -0.00016775654008005826
211.0 -0.00016533548066141357
212.0 -0.00016305410056591615
213.0 -0.000160780009373188
214.0 -0.00015850591818045983
215.0 -0.0001562318269877317
216.0 -0.00015404569716868718
217.0 -0.00015189965793218065
218.0 -0.00014975361869567417
219.0 -0.00014760757945916765
220.0 -0.00014551116332995126
221.0 -0.00014351224018880116
222.0 -0.00014151331704765106
223.0 -0.00013951439390650096
224.0 -0.00013751547076535086
225.0 -0.00013568444147115375
226.0 -0.00013387210351901017
227.0 -0.0001320597655668666
228.0 -0.00013024742761472304
229.0 -0.00012850250025747258
230.0 -0.00012687103356882
231.0 -0.00012523956688016743
232.0 -0.00012360810019151487
233.0 -0.00012197663350286232
234.0 -0.00012042902351804238
235.0 -0.00011890875484191707
236.0 -0.00011738848616579178
237.0 -0.0001158682174896665
238.0 -0.00011434821899549181
239.0 -0.00011283434663508629
240.0 -0.00011132047427468077
241.0 -0.00010980660191427524
242.0 -0.00010829272955386972
243.0 -0.00010676383076278411
244.0 -0.000105186063358528
245.0 -0.00010360829595427187
246.0 -0.00010203052855001576
247.0 -0.00010045276114575964
248.0 -9.887446668255174e-05
249.0 -9.729510694482212e-05
250.0 -9.57157472070925e-05
251.0 -9.41363874693629e-05
252.0 -9.255702773163329e-05
253.0 -9.100813833179214e-05
254.0 -8.952174651321274e-05
255.0 -8.803535469463334e-05
256.0 -8.654896287605394e-05
257.0 -8.506257105747455e-05
258.0 -8.361185108114546e-05
259.0 -8.228511336268061e-05
260.0 -8.095837564421577e-05
261.0 -7.963163792575093e-05
262.0 -7.830490020728609e-05
263.0 -7.698149725181424e-05
264.0 -7.58631967464713e-05
265.0 -7.474489624112838e-05
266.0 -7.362659573578544e-05
267.0 -7.25082952304425e-05
268.0 -7.138999472509956e-05
269.0 -7.041261334930082e-05
270.0 -6.949466175725935e-05
271.0 -6.857671016521788e-05
272.0 -6.765875857317641e-05
273.0 -6.674080698113494e-05
274.0 -6.586501855927119e-05
275.0 -6.509583475574912e-05
276.0 -6.432665095222705e-05
277.0 -6.355746714870497e-05
278.0 -6.278828334518291e-05
279.0 -6.201909954166083e-05
280.0 -6.131110688232036e-05
281.0 -6.062308134005394e-05
282.0 -5.993505579778752e-05
283.0 -5.9247030255521094e-05
284.0 -5.8559004713254675e-05
285.0 -5.787717719050571e-05
286.0 -5.724408499897276e-05
287.0 -5.661099280743981e-05
288.0 -5.597790061590686e-05
289.0 -5.534480842437391e-05
290.0 -5.4711716232840965e-05
291.0 -5.410360506253968e-05
292.0 -5.3540346061539016e-05
293.0 -5.297708706053835e-05
294.0 -5.241382805953768e-05
295.0 -5.185056905853702e-05
296.0 -5.128731005753635e-05
297.0 -5.075834015155222e-05
298.0 -5.0265582685946674e-05
299.0 -4.977282522034113e-05
