10.0 0.44515446886493787
11.0 0.37852938881709974
12.0 0.3245816469604932
13.0 0.28050247856200644
14.0 0.24400738157218535
15.0 0.2135379032563126
16.0 0.18789346788181413
17.0 0.16613192500489138
18.0 0.14755434183119526
19.0 0.13159520477966585
20.0 0.11775909042075186
21.0 0.1057545230073396
22.0 0.09523299997509646
23.0 0.08603211785376554
24.0 0.07792176417392853
25.0 0.07074212371342478
26.0 0.06436561349074751
27.0 0.05868250363241522
28.0 0.05359795820991991
29.0 0.049067411502773925
30.0 0.04498823642552289
31.0 0.0412984593902688
32.0 0.03798655992383876
33.0 0.03497828983580347
34.0 0.0322552130945827
35.0 0.029775155897379637
36.0 0.027526772082173058
37.0 0.025461561466654507
38.0 0.02359066733139035
39.0 0.02187450598849511
40.0 0.020295238028926715
41.0 0.01884758247366485
42.0 0.017524807527077472
43.0 0.016304648843761864
44.0 0.015178607671898598
45.0 0.014138715283314155
46.0 0.013177767673289938
47.0 0.012289417582830564
48.0 0.011467696460661108
49.0 0.01070683621707997
50.0 0.010001606110265012
51.0 0.00934721870099125
52.0 0.008739716621834254
53.0 0.008175135160652545
54.0 0.007649720096321689
55.0 0.007159988685327023
56.0 0.006703019804578626
57.0 0.00627618488587966
58.0 0.005876938388891981
59.0 0.005502920469187456
60.0 0.005152016739054388
61.0 0.004824124604158545
62.0 0.004519192893442791
63.0 0.004231984066834772
64.0 0.003961042334231173
65.0 0.003705064597219973
66.0 0.003465823736314849
67.0 0.00324187095357566
68.0 0.003029354880039477
69.0 0.0028274711872031373
70.0 0.00263930691130326
71.0 0.0024624526605840327
72.0 0.0022941779255836376
73.0 0.0021356392419806408
74.0 0.0019896201402750616
75.0 0.0018511639505543042
76.0 0.0017213782825664151
77.0 0.0016051486776396968
78.0 0.0014963563999573297
79.0 0.0013980426902902036
80.0 0.001313819734697886
81.0 0.0012372157648995272
82.0 0.0011771302067132424
83.0 0.0011296529760294128
84.0 0.001092156139490795
85.0 0.0010765664624534073
86.0 0.001068642585083183
87.0 0.0010816776658334848
88.0 0.0011061416573966629
89.0 0.0011440087020388981
90.0 0.001196538358640563
91.0 0.001255599375078814
92.0 0.001327041429788127
93.0 0.00140022609232612
94.0 0.0014769735838722489
95.0 0.0015522368828469978
96.0 0.0016202187344210505
97.0 0.001682942266926308
98.0 0.0017301904150148963
99.0 0.0017684495377717972
100.0 0.0017856546612892241
101.0 0.0017922239280771287
102.0 0.0017745935216645933
103.0 0.0017477845880475744
104.0 0.001696303612779809
105.0 0.0016392685947986027
106.0 0.0015594343933200269
107.0 0.0014780639335830923
108.0 0.0013787101797560304
109.0 0.0012793564259289682
110.0 0.0011711469180281718
111.0 0.0010621542445766752
112.0 0.0009527037887571105
113.0 0.0008430710050774139
114.0 0.0007365184175203515
115.0 0.0006334805172952668
116.0 0.0005324022685156523
117.0 0.00044065655738438517
118.0 0.000348910846253118
119.0 0.0002686195739460192
120.0 0.0001906133045047963
121.0 0.00011898057646142119
122.0 5.5246455066549994e-05
123.0 -8.334682421881985e-06
124.0 -5.844685546825521e-05
125.0 -0.00010855902851462845
126.0 -0.00015231004451732774
127.0 -0.00019034465767182545
128.0 -0.0002283792708263231
129.0 -0.0002561600759961839
130.0 -0.0002838578011864202
131.0 -0.00030813406950093734
132.0 -0.0003274051494941554
133.0 -0.0003466762294873735
134.0 -0.0003607946097352432
135.0 -0.00037335517472181456
136.0 -0.0003855216030386444
137.0 -0.00039292237700438656
138.0 -0.0004003231509701287
139.0 -0.0004064240159941609
140.0 -0.0004098921842196069
141.0 -0.00041336035244505295
142.0 -0.00041530284628832603
143.0 -0.0004158882341203681
144.0 -0.00041647362195241014
145.0 -0.00041566661131651377
146.0 -0.00041417793302527694
147.0 -0.0004126892547340402
148.0 -0.00041010403978903714
149.0 -0.00040716434916009933
150.0 -0.0004042246585311615
151.0 -0.00040051630053854805
152.0 -0.0003965926172965907
153.0 -0.0003926689340546334
154.0 -0.00038827868966744694
155.0 -0.00038373004979879024
156.0 -0.00037918140993013354
157.0 -0.00037439361969019726
158.0 -0.00036947740901264217
159.0 -0.00036456119833508713
160.0 -0.00035956584884023216
161.0 -0.00035448883802319345
162.0 -0.00034941182720615475
163.0 -0.0003443329127374616
164.0 -0.00033924884831667835
165.0 -0.0003341647838958952
166.0 -0.000329080719475112
167.0 -0.00032408457957959643
168.0 -0.0003190900042695989
169.0 -0.00031409542895960126
170.0 -0.00030921924169953783
171.0 -0.0003044129604718701
172.0 -0.0002996066792442025
173.0 -0.00029485166218487583
174.0 -0.00029029277932255375
175.0 -0.00028573389646023166
176.0 -0.0002811750135979095
177.0 -0.0002768111499780477
178.0 -0.0002725244250318165
179.0 -0.00026823770008558537
180.0 -0.0002639889157490348
181.0 -0.0002599463322996326
182.0 -0.00025590374885023034
183.0 -0.00025186116540082805
184.0 -0.0002479397235520708
185.0 -0.00024412907812146884
186.0 -0.00024031843269086683
187.0 -0.00023650778726026485
188.0 -0.0002328552966125078
189.0 -0.00022923851453078155
190.0 -0.00022562173244905528
191.0 -0.00022201294260145568
192.0 -0.00021862826922657087
193.0 -0.00021524359585168608
194.0 -0.00021185892247680126
195.0 -0.0002085227605809824
196.0 -0.00020541267217020625
197.0 -0.00020230258375943005
198.0 -0.00019919249534865389
199.0 -0.00019615314265535358
200.0 -0.0001933365891208682
201.0 -0.00019052003558638278
202.0 -0.00018770348205189742
203.0 -0.00018494190364105423
204.0 -0.00018236884039431588
205.0 -0.00017979577714757753
206.0 -0.00017722271390083918
207.0 -0.00017467101058683045
208.0 -0.0001722629300265231
209.0 -0.00016985484946621573
210.0 -0.00016744676890590834
211.0 -0.00016503868834560098
212.0 -0.00016276145425953798
213.0 -0.00016049104815063706
214.0 -0.00015822064204173614
215.0 -0.00015595023593283522
216.0 -0.0001537581702764083
217.0 -0.00015160181022852806
218.0 -0.00014944545018064778
219.0 -0.00014728909013276753
220.0 -0.00014518170883079932
221.0 -0.00014317055455997569
222.0 -0.00014115940028915208
223.0 -0.00013914824601832845
224.0 -0.00013713709174750484
225.0 -0.00013531011631758556
226.0 -0.00013350364521094458
227.0 -0.00013169717410430363
228.0 -0.00012989070299766265
229.0 -0.00012816130285034968
230.0 -0.00012656162300277152
231.0 -0.00012496194315519336
232.0 -0.0001233622633076152
233.0 -0.00012176258346003703
234.0 -0.00012025451092215788
235.0 -0.00011877630676234148
236.0 -0.00011729810260252507
237.0 -0.00011581989844270867
238.0 -0.0001143412777268278
239.0 -0.00011285321197523099
240.0 -0.00011136514622363418
241.0 -0.00010987708047203736
242.0 -0.00010838901472044055
243.0 -0.00010687558389086403
244.0 -0.00010527966133652456
245.0 -0.00010368373878218508
246.0 -0.00010208781622784561
247.0 -0.00010049189367350614
248.0 -9.888905585869418e-05
249.0 -9.727224114287868e-05
250.0 -9.56554264270632e-05
251.0 -9.403861171124769e-05
252.0 -9.242179699543222e-05
253.0 -9.0837021005819e-05
254.0 -8.931795951210933e-05
255.0 -8.779889801839963e-05
256.0 -8.627983652468996e-05
257.0 -8.476077503098027e-05
258.0 -8.327989279734984e-05
259.0 -8.193170768754599e-05
260.0 -8.058352257774213e-05
261.0 -7.923533746793827e-05
262.0 -7.78871523581344e-05
263.0 -7.654259722439766e-05
264.0 -7.542130143078049e-05
265.0 -7.43000056371633e-05
266.0 -7.317870984354614e-05
267.0 -7.205741404992895e-05
268.0 -7.093611825631179e-05
269.0 -6.996667975278259e-05
270.0 -6.906128398029414e-05
271.0 -6.815588820780569e-05
272.0 -6.725049243531722e-05
273.0 -6.634509666282877e-05
274.0 -6.548417397355985e-05
275.0 -6.473569624616442e-05
276.0 -6.398721851876898e-05
277.0 -6.323874079137355e-05
278.0 -6.24902630639781e-05
279.0 -6.174178533658266e-05
280.0 -6.104825067058505e-05
281.0 -6.037264432663485e-05
282.0 -5.969703798268465e-05
283.0 -5.9021431638734456e-05
284.0 -5.834582529478425e-05
285.0 -5.767529877009156e-05
286.0 -5.7044715113170514e-05
287.0 -5.641413145624946e-05
288.0 -5.578354779932842e-05
289.0 -5.5152964142407374e-05
290.0 -5.452238048548633e-05
291.0 -5.391700425433912e-05
292.0 -5.335688669048003e-05
293.0 -5.279676912662092e-05
294.0 -5.2236651562761826e-05
295.0 -5.167653399890273e-05
296.0 -5.111641643504363e-05
297.0 -5.0592783694629326e-05
298.0 -5.0107682285913375e-05
299.0 -4.962258087719743e-05
