10.0 0.4270064523505947
11.0 0.3673377836852666
12.0 0.3177920779591261
13.0 0.2764325427028326
14.0 0.24164066932693315
15.0 0.21221038986255478
16.0 0.1871778606656247
17.0 0.1657840599454189
18.0 0.1474041624482961
19.0 0.13154691083369627
20.0 0.11775410158445403
21.0 0.10575803767776239
22.0 0.09522698036988379
23.0 0.0860074450694017
24.0 0.07787557497100958
25.0 0.07067465046263414
26.0 0.06427891139095891
27.0 0.05857928848720693
28.0 0.05348125061564024
29.0 0.048940399255679536
30.0 0.04485373963571348
31.0 0.04115880753943927
32.0 0.03784391982930032
33.0 0.03483446207277072
34.0 0.03211167429460327
35.0 0.029633052251490627
36.0 0.02738714514312261
37.0 0.025325123385436705
38.0 0.02345787683205329
39.0 0.021745821538561493
40.0 0.02017099162735616
41.0 0.01872796559455803
42.0 0.017409922698568957
43.0 0.01619447683837906
44.0 0.0150731061612524
45.0 0.014037895252312398
46.0 0.013081627393597101
47.0 0.012197804812050945
48.0 0.011380390294320515
49.0 0.010623697717050538
50.0 0.009922539260932567
51.0 0.009272167802994854
52.0 0.008668445076505575
53.0 0.008107415320945211
54.0 0.007585393971575662
55.0 0.007098989501403719
56.0 0.006645235105301182
57.0 0.006221445441005386
58.0 0.005825101224037174
59.0 0.005453888422750657
60.0 0.0051057189849912305
61.0 0.004780524296041181
62.0 0.004478208511700931
63.0 0.004193585535280663
64.0 0.003925226902453127
65.0 0.0036718510544960633
66.0 0.0034352616311348716
67.0 0.003214057025491758
68.0 0.0030044025768761503
69.0 0.002805502310553348
70.0 0.0026204940626836383
71.0 0.0024469618915200315
72.0 0.00228215463420834
73.0 0.002127266096593315
74.0 0.00198514999387759
75.0 0.0018506927344717726
76.0 0.0017249971399977157
77.0 0.0016129078738785902
78.0 0.0015081909454251585
79.0 0.0014138263092135684
80.0 0.00133324599793654
81.0 0.0012600094769556099
82.0 0.0012024671960037465
83.0 0.001156740370037011
84.0 0.0011203663228376126
85.0 0.0011042361801797114
86.0 0.0010950925540664535
87.0 0.0011049115882036107
88.0 0.0011249968290920963
89.0 0.0011571215824294507
90.0 0.0012022424563493464
91.0 0.0012531523629626736
92.0 0.0013149179315070027
93.0 0.0013782004957557522
94.0 0.0014443860125609026
95.0 0.0015092245731663813
96.0 0.0015674549678855226
97.0 0.0016209775472082765
98.0 0.0016606448902723248
99.0 0.0016922893848087086
100.0 0.0017051428491090983
101.0 0.0017085128304500864
102.0 0.001690305124703354
103.0 0.0016638601909257378
104.0 0.0016152734441385807
105.0 0.0015616695332518664
106.0 0.001487470309933471
107.0 0.001411859408008272
108.0 0.001319723529628907
109.0 0.0012275876512495417
110.0 0.0011269610625361125
111.0 0.0010255835912011413
112.0 0.0009233717315787187
113.0 0.000820827547599611
114.0 0.0007208030932990029
115.0 0.0006236538007181152
116.0 0.0005282114731345395
117.0 0.0004408983029777318
118.0 0.00035358513282092414
119.0 0.00027651529165204607
120.0 0.00020148885360861353
121.0 0.00013228728494940346
122.0 7.030436431849747e-05
123.0 8.463543158952658e-06
124.0 -4.086659781502882e-05
125.0 -9.01967387890103e-05
126.0 -0.00013350105067937078
127.0 -0.00017139029950810733
128.0 -0.00020927954833684388
129.0 -0.0002373264068145982
130.0 -0.00026529351876393686
131.0 -0.00028992008852033325
132.0 -0.00030965983860363174
133.0 -0.0003293995886869302
134.0 -0.00034404964971656
135.0 -0.0003571609455017709
136.0 -0.00036987715903176514
137.0 -0.0003778162847819157
138.0 -0.00038575541053206624
139.0 -0.00039238226092271696
140.0 -0.00039635136889236845
141.0 -0.00040032047686201994
142.0 -0.00040272922142855854
143.0 -0.00040375000367573683
144.0 -0.0004047707859229151
145.0 -0.0004043558478752092
146.0 -0.0004032380333810882
147.0 -0.00040212021888696726
148.0 -0.00039986163937641894
149.0 -0.00039723428654851896
150.0 -0.00039460693372061903
151.0 -0.00039117435425119006
152.0 -0.00038751620825512134
153.0 -0.0003838580622590527
154.0 -0.0003797043086102858
155.0 -0.00037538229831697784
156.0 -0.0003710602880236698
157.0 -0.00036648096319374734
158.0 -0.00036176346402095894
159.0 -0.0003570459648481705
160.0 -0.0003522370284213862
161.0 -0.0003473337402300329
162.0 -0.00034243045203867956
163.0 -0.00033751884379058046
164.0 -0.0003325847272786781
165.0 -0.00032765061076677583
166.0 -0.00032271649425487343
167.0 -0.00031785473098637176
168.0 -0.0003129942552179897
169.0 -0.00030813377944960754
170.0 -0.0003033798175338584
171.0 -0.0002986887501487389
172.0 -0.00029399768276361935
173.0 -0.00028935456674058986
174.0 -0.0002848949102801196
175.0 -0.0002804352538196494
176.0 -0.00027597559735917913
177.0 -0.00027170031310691484
178.0 -0.0002674979561587256
179.0 -0.00026329559921053637
180.0 -0.00025913041052533616
181.0 -0.000255167225151802
182.0 -0.0002512040397782678
183.0 -0.0002472408544047336
184.0 -0.0002433955523709875
185.0 -0.00023965806674167348
186.0 -0.00023592058111235946
187.0 -0.00023218309548304547
188.0 -0.00022860685318062794
189.0 -0.00022506701678312168
190.0 -0.00022152718038561542
191.0 -0.00021799512541512313
192.0 -0.00021468127551062594
193.0 -0.00021136742560612877
194.0 -0.00020805357570163158
195.0 -0.00020478644424684833
196.0 -0.0002017370303909918
197.0 -0.00019868761653513525
198.0 -0.00019563820267927867
199.0 -0.00019265602315153275
200.0 -0.0001898856143144797
201.0 -0.00018711520547742667
202.0 -0.00018434479664037362
203.0 -0.00018162750288102527
204.0 -0.0001790923460033529
205.0 -0.00017655718912568054
206.0 -0.00017402203224800816
207.0 -0.00017150862425933055
208.0 -0.000169141454340169
209.0 -0.00016677428442100746
210.0 -0.0001644071145018459
211.0 -0.00016203994458268434
212.0 -0.00015980501483320357
213.0 -0.00015757698578826
214.0 -0.00015534895674331638
215.0 -0.0001531209276983728
216.0 -0.00015097387573608528
217.0 -0.00014886373109208946
218.0 -0.0001467535864480936
219.0 -0.00014464344180409775
220.0 -0.00014258155293523335
221.0 -0.00014061447069912392
222.0 -0.00013864738846301448
223.0 -0.00013668030622690505
224.0 -0.0001347132239907956
225.0 -0.00013292063433523012
226.0 -0.0001311474706477268
227.0 -0.0001293743069602235
228.0 -0.00012760114327272016
229.0 -0.00012589920280917826
230.0 -0.0001243171401574725
231.0 -0.00012273507750576673
232.0 -0.000121153014854061
233.0 -0.00011957095220235524
234.0 -0.00011807461211548602
235.0 -0.00011660622169751831
236.0 -0.0001151378312795506
237.0 -0.00011366944086158289
238.0 -0.00011220092442058582
239.0 -0.0001107295505202577
240.0 -0.00010925817661992958
241.0 -0.00010778680271960146
242.0 -0.00010631542881927333
243.0 -0.00010482378947656752
244.0 -0.00010326624332702443
245.0 -0.00010170869717748135
246.0 -0.00010015115102793827
247.0 -9.859360487839518e-05
248.0 -9.703183625640715e-05
249.0 -9.546153330956067e-05
250.0 -9.389123036271419e-05
251.0 -9.232092741586772e-05
252.0 -9.075062446902122e-05
253.0 -8.921071420258869e-05
254.0 -8.773314223450012e-05
255.0 -8.625557026641155e-05
256.0 -8.477799829832297e-05
257.0 -8.330042633023439e-05
258.0 -8.185923462952008e-05
259.0 -8.05444874129206e-05
260.0 -7.922974019632112e-05
261.0 -7.791499297972163e-05
262.0 -7.660024576312215e-05
263.0 -7.52889557113214e-05
264.0 -7.419029635387927e-05
265.0 -7.30916369964371e-05
266.0 -7.199297763899494e-05
267.0 -7.08943182815528e-05
268.0 -6.979565892411063e-05
269.0 -6.884160671603193e-05
270.0 -6.794853963924253e-05
271.0 -6.705547256245315e-05
272.0 -6.616240548566374e-05
273.0 -6.526933840887436e-05
274.0 -6.441881198657602e-05
275.0 -6.367584460732195e-05
276.0 -6.293287722806788e-05
277.0 -6.21899098488138e-05
278.0 -6.144694246955973e-05
279.0 -6.070397509030565e-05
280.0 -6.0017855472787964e-05
281.0 -5.9350285694943485e-05
282.0 -5.8682715917099005e-05
283.0 -5.801514613925452e-05
284.0 -5.734757636141004e-05
285.0 -5.6685473613030606e-05
286.0 -5.606635838526106e-05
287.0 -5.54472431574915e-05
288.0 -5.482812792972195e-05
289.0 -5.4209012701952394e-05
290.0 -5.358989747418284e-05
291.0 -5.299530999116059e-05
292.0 -5.24447608422707e-05
293.0 -5.189421169338081e-05
294.0 -5.134366254449092e-05
295.0 -5.0793113395601035e-05
296.0 -5.024256424671115e-05
297.0 -4.9726913919397854e-05
298.0 -4.92481199598311e-05
299.0 -4.876932600026435e-05
