10.0 0.4591159596370961
11.0 0.3922481886664001
12.0 0.3374304786016165
13.0 0.29217835796305824
14.0 0.25445833173791194
15.0 0.22279974689858512
16.0 0.1960498024873757
17.0 0.17330890034657942
18.0 0.15386196445711298
19.0 0.13714664081911207
20.0 0.12265212960698375
21.0 0.11007897763227498
22.0 0.09906446681394973
23.0 0.08943928804227848
24.0 0.08096193362402639
25.0 0.07346400369164378
26.0 0.06681093015457507
27.0 0.0608866601232652
28.0 0.05559099496623326
29.0 0.0508765141955218
30.0 0.04663505406521792
31.0 0.04280113454271185
32.0 0.0393621978386165
33.0 0.03624036161961245
34.0 0.03341597654345461
35.0 0.03084478112981162
36.0 0.028514765536643404
37.0 0.026375254862347763
38.0 0.02443752626602415
39.0 0.02266047646456566
40.0 0.02102548140132895
41.0 0.01952693435111837
42.0 0.01815777385864299
43.0 0.016894840374882147
44.0 0.015729305495935392
45.0 0.014652949821377095
46.0 0.013658305093825613
47.0 0.012738695535114272
48.0 0.011887896915106293
49.0 0.011099998472255592
50.0 0.010369616718710815
51.0 0.009691831345994174
52.0 0.009062424225404798
53.0 0.008477307094556632
54.0 0.007932650258890147
55.0 0.007424923308081641
56.0 0.00695108347451961
57.0 0.006508386488537102
58.0 0.006094235883644193
59.0 0.005706243396343791
60.0 0.005342263430989527
61.0 0.005002263390504275
62.0 0.004686240696899932
63.0 0.004388829983792588
64.0 0.004108590669053331
65.0 0.003844232038893005
66.0 0.003597774537363426
67.0 0.0033678799808768566
68.0 0.003150528137981611
69.0 0.002944924897328876
70.0 0.0027546735012228475
71.0 0.002577298018727143
72.0 0.00240978478965115
73.0 0.0022535495388622913
74.0 0.0021119713258107766
75.0 0.0019791959517862475
76.0 0.0018564956141434656
77.0 0.0017492487660912257
78.0 0.0016501892088000463
79.0 0.0015625557236860043
80.0 0.0014893952376878012
81.0 0.001423710964787461
82.0 0.0013735094701055692
83.0 0.001334024677728858
84.0 0.0013030229226877314
85.0 0.0012886997990412161
86.0 0.0012797893247176889
87.0 0.0012850718870190102
88.0 0.0012972068108986685
89.0 0.001317377720661414
90.0 0.0013452396146475273
91.0 0.0013765274047563309
92.0 0.0014131101814082827
93.0 0.0014503624788332233
94.0 0.001487605949783468
95.0 0.0015237222639523543
96.0 0.0015543087479805559
97.0 0.0015816628540169947
98.0 0.0015995039785572432
99.0 0.0016120591235330578
100.0 0.0016122335035624034
101.0 0.0016060740150722263
102.0 0.0015855031300989106
103.0 0.0015591893178187157
104.0 0.0015174384164984265
105.0 0.0014718922141635548
106.0 0.001410766411756502
107.0 0.0013484312977206005
108.0 0.0012719400959632038
109.0 0.0011954488942058073
110.0 0.0011097536175457329
111.0 0.0010232443713095133
112.0 0.0009336749993222373
113.0 0.0008428868250855887
114.0 0.0007526796246101493
115.0 0.0006631353498178277
116.0 0.000574581460268477
117.0 0.0004907441276291614
118.0 0.00040690679498984583
119.0 0.00033048259589169737
120.0 0.00025553721488727764
121.0 0.00018535924155940406
122.0 0.00012108942440712429
123.0 5.694679502931793e-05
124.0 4.001994571690541e-06
125.0 -4.894280588593684e-05
126.0 -9.612567050469841e-05
127.0 -0.00013813061761343658
128.0 -0.00018013556472217475
129.0 -0.00021219840766036844
130.0 -0.00024418069615350613
131.0 -0.0002726452979589727
132.0 -0.0002959639385652587
133.0 -0.0003192825791715447
134.0 -0.0003370530980435735
135.0 -0.0003531462537591386
136.0 -0.0003687966307766147
137.0 -0.0003790932044281141
138.0 -0.0003893897780796135
139.0 -0.00039817820049710303
140.0 -0.0004039121744081161
141.0 -0.00040964614831912917
142.0 -0.0004135492699782578
143.0 -0.0004158238261808637
144.0 -0.00041809838238346966
145.0 -0.00041865586466396845
146.0 -0.00041837272999358687
147.0 -0.0004180895953232053
148.0 -0.00041642248269462803
149.0 -0.00041430797368253986
150.0 -0.0004121934646704518
151.0 -0.0004090878677304104
152.0 -0.00040570463931374734
153.0 -0.00040232141089708423
154.0 -0.00039831370232294234
155.0 -0.0003940939854488724
156.0 -0.0003898742685748025
157.0 -0.0003853186430131566
158.0 -0.00038058263913795146
159.0 -0.00037584663526274637
160.0 -0.00037098061502468914
161.0 -0.0003659804342260084
162.0 -0.00036098025342732774
163.0 -0.00035595747820201613
164.0 -0.0003508735782355361
165.0 -0.000345789678269056
166.0 -0.000340705778302576
167.0 -0.0003356536271228136
168.0 -0.0003306020409013692
169.0 -0.00032555045467992487
170.0 -0.00032059036260810656
171.0 -0.00031568429620012307
172.0 -0.0003107782297921395
173.0 -0.00030591667362774255
174.0 -0.00030122541147506633
175.0 -0.0002965341493223902
176.0 -0.000291842887169714
177.0 -0.0002873238057178735
178.0 -0.00028287282929361765
179.0 -0.0002784218528693617
180.0 -0.0002740075420954747
181.0 -0.0002697925030174714
182.0 -0.00026557746393946814
183.0 -0.00026136242486146487
184.0 -0.0002572794317531925
185.0 -0.0002533172082269639
186.0 -0.0002493549847007354
187.0 -0.00024539276117450687
188.0 -0.00024162185664480186
189.0 -0.00023789414857679987
190.0 -0.00023416644050879785
191.0 -0.00023044733742617885
192.0 -0.00022696953345232405
193.0 -0.00022349172947846923
194.0 -0.00022001392550461446
195.0 -0.00021658108357758174
196.0 -0.00021335777405020857
197.0 -0.0002101344645228354
198.0 -0.00020691115499546224
199.0 -0.00020375157546616418
200.0 -0.00020079272889708894
201.0 -0.0001978338823280137
202.0 -0.00019487503575893843
203.0 -0.00019196937800834157
204.0 -0.0001892461100038643
205.0 -0.00018652284199938707
206.0 -0.0001837995739949098
207.0 -0.00018110074067463256
208.0 -0.00017856620453052404
209.0 -0.00017603166838641552
210.0 -0.00017349713224230697
211.0 -0.00017096259609819845
212.0 -0.00016859477857414384
213.0 -0.00016623566094771202
214.0 -0.0001638765433212802
215.0 -0.00016151742569484834
216.0 -0.0001592563598249027
217.0 -0.00015703998348027694
218.0 -0.0001548236071356512
219.0 -0.00015260723079102542
220.0 -0.00015044352907521826
221.0 -0.0001483833155776877
222.0 -0.00014632310208015717
223.0 -0.00014426288858262662
224.0 -0.00014220267508509608
225.0 -0.0001403118208333396
226.0 -0.00013843982106404414
227.0 -0.0001365678212947487
228.0 -0.00013469582152545324
229.0 -0.00013288366984969344
230.0 -0.00013117225018375548
231.0 -0.00012946083051781747
232.0 -0.00012774941085187945
233.0 -0.00012603799118594144
234.0 -0.00012439339808374163
235.0 -0.00012277059364750007
236.0 -0.00012114778921125852
237.0 -0.00011952498477501696
238.0 -0.00011790356424736762
239.0 -0.0001163135226076909
240.0 -0.0001147234809680142
241.0 -0.00011313343932833748
242.0 -0.00011154339768866076
243.0 -0.00010994757986885527
244.0 -0.00010833297688853315
245.0 -0.00010671837390821102
246.0 -0.00010510377092788892
247.0 -0.00010348916794756681
248.0 -0.00010187923962025482
249.0 -0.00010027875955054769
250.0 -9.867827948084055e-05
251.0 -9.707779941113342e-05
252.0 -9.547731934142629e-05
253.0 -9.390383439565858e-05
254.0 -9.238571903450954e-05
255.0 -9.086760367336051e-05
256.0 -8.934948831221147e-05
257.0 -8.783137295106243e-05
258.0 -8.634735624405433e-05
259.0 -8.498185396926588e-05
260.0 -8.361635169447744e-05
261.0 -8.225084941968899e-05
262.0 -8.088534714490054e-05
263.0 -7.952321427304533e-05
264.0 -7.836831435853408e-05
265.0 -7.721341444402282e-05
266.0 -7.605851452951158e-05
267.0 -7.490361461500033e-05
268.0 -7.374871470048907e-05
269.0 -7.272823918922203e-05
270.0 -7.176445444266766e-05
271.0 -7.080066969611329e-05
272.0 -6.98368849495589e-05
273.0 -6.887310020300453e-05
274.0 -6.79520168059432e-05
275.0 -6.713889875034436e-05
276.0 -6.632578069474553e-05
277.0 -6.55126626391467e-05
278.0 -6.469954458354787e-05
279.0 -6.388642652794903e-05
280.0 -6.314810494510278e-05
281.0 -6.243418999736935e-05
282.0 -6.172027504963592e-05
283.0 -6.1006360101902505e-05
284.0 -6.0292445154169085e-05
285.0 -5.958631972171341e-05
286.0 -5.894144362963234e-05
287.0 -5.829656753755128e-05
288.0 -5.7651691445470224e-05
289.0 -5.7006815353389165e-05
290.0 -5.63619392613081e-05
291.0 -5.574067652287231e-05
292.0 -5.516181037525766e-05
293.0 -5.4582944227642994e-05
294.0 -5.400407808002834e-05
295.0 -5.342521193241369e-05
296.0 -5.284634578479902e-05
297.0 -5.2298254701747635e-05
298.0 -5.178266491947739e-05
299.0 -5.1267075137207134e-05
