10.0 0.43443660026206116
11.0 0.3737681574470573
12.0 0.3234002616974922
13.0 0.2813599283760872
14.0 0.24599963205376446
15.0 0.21608996443259199
16.0 0.19064892330119476
17.0 0.16890407065769683
18.0 0.15021915400647096
19.0 0.1340948234694748
20.0 0.12006556259661805
21.0 0.10785960120191046
22.0 0.09714038652511535
23.0 0.08775238524615338
24.0 0.07946868829336848
25.0 0.07213051336173237
26.0 0.06561047647430118
27.0 0.05979808337310581
28.0 0.05459754028907685
29.0 0.049963997083358164
30.0 0.045792896425135905
31.0 0.0420208245764281
32.0 0.038636067606799294
33.0 0.03556273177470057
34.0 0.03278180138974856
35.0 0.030250018403338762
36.0 0.027955777936556018
37.0 0.025849293827773172
38.0 0.02394173497600675
39.0 0.022192715020250012
40.0 0.020583906675196714
41.0 0.019109791723713535
42.0 0.0177634190109428
43.0 0.016521920470417006
44.0 0.015376594351025324
45.0 0.014319357007355538
46.0 0.013342835480110327
47.0 0.012440387485043086
48.0 0.011605841608267673
49.0 0.010833386889028525
50.0 0.010117720111369724
51.0 0.009453987998475525
52.0 0.008837954760670872
53.0 0.008265573565982898
54.0 0.007733074514124963
55.0 0.007236986552767636
56.0 0.006774269158485369
57.0 0.00634216780987615
58.0 0.005938097367875746
59.0 0.005559680869663268
60.0 0.005204770243679767
61.0 0.004873271618350582
62.0 0.004565044992280236
63.0 0.004274774977392756
64.0 0.004000975500271665
65.0 0.003742312448322175
66.0 0.0035005452031275186
67.0 0.0032741701090674897
68.0 0.0030592857734795557
69.0 0.002855059789954264
70.0 0.0026645049983006785
71.0 0.002485135514795829
72.0 0.0023142274812808917
73.0 0.00215290019015123
74.0 0.002003838591074382
75.0 0.0018621369749761397
76.0 0.0017288568004679233
77.0 0.001608785365704408
78.0 0.0014959901595125163
79.0 0.0013934575919560914
80.0 0.00130502007539746
81.0 0.001224235130042367
82.0 0.0011601063672183572
83.0 0.0011090339182092122
84.0 0.0010682964765934386
85.0 0.0010508302843701787
86.0 0.001041580818555211
87.0 0.0010549018257876828
88.0 0.0010808574019214713
89.0 0.001121629945340066
90.0 0.0011788903166036063
91.0 0.0012434950775895908
92.0 0.0013224273212042827
93.0 0.0014033971772304972
94.0 0.001488915841572078
95.0 0.0015728912558440834
96.0 0.0016492954866831426
97.0 0.0017199560644255167
98.0 0.0017737129057334327
99.0 0.0018175679060406563
100.0 0.0018382309199861248
101.0 0.001847223256769444
102.0 0.001829661402335811
103.0 0.0018020817094110155
104.0 0.0017475738914179966
105.0 0.001687111369948141
106.0 0.0016022049642221777
107.0 0.0015156961780943947
108.0 0.0014104300783096234
109.0 0.0013051639785248523
110.0 0.0011912837616357193
111.0 0.0010766417485506144
112.0 0.0009623067627395716
113.0 0.0008480940612928615
114.0 0.0007375981900187818
115.0 0.0006313434434662292
116.0 0.0005272839219866299
117.0 0.0004336788212088785
118.0 0.00034007372043112717
119.0 0.00025883596681544797
120.0 0.00018006532871214033
121.0 0.00010801578547953134
122.0 4.429556519583314e-05
123.0 -1.926686697174069e-05
124.0 -6.893736387027634e-05
125.0 -0.00011860786076881198
126.0 -0.00016180439439478293
127.0 -0.0001991831527581159
128.0 -0.0002365619111214489
129.0 -0.0002636700147397144
130.0 -0.0002906949018799429
131.0 -0.00031431905652382774
132.0 -0.00033296834017186464
133.0 -0.0003516176238199015
134.0 -0.0003651935396509612
135.0 -0.000377235624635657
136.0 -0.00038889099610123315
137.0 -0.00039587046931500254
138.0 -0.0004028499425287719
139.0 -0.000408564864211924
140.0 -0.0004117186982223317
141.0 -0.00041487253223273954
142.0 -0.00041654431292236876
143.0 -0.00041689778906805667
144.0 -0.0004172512652137445
145.0 -0.0004162587970849897
146.0 -0.00041460740358472347
147.0 -0.00041295601008445727
148.0 -0.0004102465282518051
149.0 -0.00040719499986375716
150.0 -0.00040414347147570926
151.0 -0.00040035300525166493
152.0 -0.00039635554185133266
153.0 -0.00039235807845100046
154.0 -0.00038791378941830686
155.0 -0.0003833178050250054
156.0 -0.00037872182063170397
157.0 -0.0003739001277165076
158.0 -0.00036895723245066906
159.0 -0.0003640143371848305
160.0 -0.00035899776037119776
161.0 -0.00035390515345225503
162.0 -0.0003488125465333124
163.0 -0.0003437195658297831
164.0 -0.00033862557392617005
165.0 -0.0003335315820225569
166.0 -0.00032843759011894384
167.0 -0.0003234416163164643
168.0 -0.00031844738671107947
169.0 -0.00031345315710569466
170.0 -0.00030857975853785624
171.0 -0.0003037777085430354
172.0 -0.0002989756585482146
173.0 -0.0002942260617822459
174.0 -0.00028967714850055345
175.0 -0.000285128235218861
176.0 -0.00028057932193716853
177.0 -0.00027623035241530866
178.0 -0.00027196046942993434
179.0 -0.0002676905864445601
180.0 -0.00026345974075903247
181.0 -0.0002594410562888365
182.0 -0.0002554223718186406
183.0 -0.0002514036873484446
184.0 -0.0002475013876725178
185.0 -0.00024370553382745423
186.0 -0.00023990967998239064
187.0 -0.00023611382613732704
188.0 -0.00023247050413602554
189.0 -0.00022886162114008827
190.0 -0.000225252738144151
191.0 -0.00022165159709333849
192.0 -0.00021826755396606263
193.0 -0.00021488351083878674
194.0 -0.00021149946771151085
195.0 -0.000208165244049635
196.0 -0.0002050631893585431
197.0 -0.0002019611346674512
198.0 -0.00019885907997635932
199.0 -0.00019582955590120138
200.0 -0.000193028484449344
201.0 -0.0001902274129974866
202.0 -0.00018742634154562924
203.0 -0.00018468097269509802
204.0 -0.0001821266136019692
205.0 -0.0001795722545088404
206.0 -0.00017701789541571162
207.0 -0.0001744847625831613
208.0 -0.00017209435370174213
209.0 -0.00016970394482032292
210.0 -0.00016731353593890376
211.0 -0.00016492312705748458
212.0 -0.00016265319468797032
213.0 -0.00016038954915863733
214.0 -0.0001581259036293043
215.0 -0.00015586225809997135
216.0 -0.00015367347187979457
217.0 -0.00015151880465056556
218.0 -0.0001493641374213366
219.0 -0.00014720947019210759
220.0 -0.00014510294286706611
221.0 -0.00014309099452671065
222.0 -0.0001410790461863552
223.0 -0.00013906709784599974
224.0 -0.00013705514950564427
225.0 -0.00013523022243110174
226.0 -0.00013342611612226346
227.0 -0.00013162200981342519
228.0 -0.0001298179035045869
229.0 -0.00012809496118943643
230.0 -0.00012650862827529328
231.0 -0.00012492229536115016
232.0 -0.000123335962447007
233.0 -0.00012174962953286386
234.0 -0.0001202626678685256
235.0 -0.00011880810599921996
236.0 -0.00011735354412991433
237.0 -0.00011589898226060869
238.0 -0.00011444349204362355
239.0 -0.00011296695237438518
240.0 -0.00011149041270514682
241.0 -0.00011001387303590846
242.0 -0.00010853733336667009
243.0 -0.00010703146175891398
244.0 -0.00010543019749354784
245.0 -0.0001038289332281817
246.0 -0.00010222766896281557
247.0 -0.00010062640469744943
248.0 -9.901565854110973e-05
249.0 -9.738574789313728e-05
250.0 -9.575583724516482e-05
251.0 -9.412592659719236e-05
252.0 -9.249601594921991e-05
253.0 -9.089967521630316e-05
254.0 -8.937218959427566e-05
255.0 -8.784470397224817e-05
256.0 -8.631721835022066e-05
257.0 -8.478973272819316e-05
258.0 -8.330167929646315e-05
259.0 -8.195067771507792e-05
260.0 -8.059967613369269e-05
261.0 -7.924867455230747e-05
262.0 -7.789767297092225e-05
263.0 -7.655036012019707e-05
264.0 -7.542992027298958e-05
265.0 -7.430948042578208e-05
266.0 -7.318904057857457e-05
267.0 -7.206860073136706e-05
268.0 -7.094816088415958e-05
269.0 -6.998470709431696e-05
270.0 -6.908745898905583e-05
271.0 -6.81902108837947e-05
272.0 -6.729296277853357e-05
273.0 -6.639571467327244e-05
274.0 -6.554305482726836e-05
275.0 -6.480313115220641e-05
276.0 -6.406320747714446e-05
277.0 -6.332328380208253e-05
278.0 -6.258336012702058e-05
279.0 -6.184343645195864e-05
280.0 -6.115344389862939e-05
281.0 -6.047974423484502e-05
282.0 -5.980604457106066e-05
283.0 -5.913234490727629e-05
284.0 -5.8458645243491926e-05
285.0 -5.778939987504056e-05
286.0 -5.715517884908705e-05
287.0 -5.652095782313354e-05
288.0 -5.5886736797180023e-05
289.0 -5.5252515771226515e-05
290.0 -5.4618294745273e-05
291.0 -5.401016016524971e-05
292.0 -5.344886248906889e-05
293.0 -5.288756481288806e-05
294.0 -5.232626713670723e-05
295.0 -5.17649694605264e-05
296.0 -5.120367178434557e-05
297.0 -5.068115532898784e-05
298.0 -5.019959541232525e-05
299.0 -4.971803549566266e-05
