10.0 0.4348312668962314
11.0 0.3741626194553262
12.0 0.32376916449759063
13.0 0.2816863257574459
14.0 0.24627449066755466
15.0 0.21631051370075335
16.0 0.1908168006189763
17.0 0.16902378687323566
18.0 0.15029675169527906
19.0 0.13413702555463583
20.0 0.12007888091477346
21.0 0.10785031579286468
22.0 0.09711390523676815
23.0 0.08771361828860698
24.0 0.07942162179165957
25.0 0.07207837881547174
26.0 0.06555584221087876
27.0 0.059742931175073094
28.0 0.054543358371108984
29.0 0.04991193075442898
30.0 0.04574367973882838
31.0 0.041974931666646974
32.0 0.03859378996764955
33.0 0.03552416902529132
34.0 0.03274694237935677
35.0 0.03021876691897822
36.0 0.02792797200123422
37.0 0.025824754273422002
38.0 0.023920223351055397
39.0 0.022174005966630404
40.0 0.020567775560242592
41.0 0.01909599992338661
42.0 0.017751720252207004
43.0 0.01651210094891149
44.0 0.015368451854936313
45.0 0.014312701068145946
46.0 0.013337484888394724
47.0 0.01243616873560481
48.0 0.011602590992087557
49.0 0.010830954350750611
50.0 0.010115970592791738
51.0 0.009452799101857135
52.0 0.008837214283285162
53.0 0.008265179729522147
54.0 0.007732937547222457
55.0 0.00723702896768679
56.0 0.00677442547191476
57.0 0.006342386047312589
58.0 0.005938342148311552
59.0 0.005559935777260476
60.0 0.00520503849538877
61.0 0.004873579690899581
62.0 0.004565452863169548
63.0 0.004275361480298294
64.0 0.004001844455567866
65.0 0.0037435916845652605
66.0 0.003502435202439041
67.0 0.003276937033102069
68.0 0.003063182863022299
69.0 0.0028603549989310037
70.0 0.0026716184859762945
71.0 0.002494493404557199
72.0 0.002326182122807929
73.0 0.002167877889983733
74.0 0.002022416820836168
75.0 0.0018846352371355134
76.0 0.0017556316612356373
77.0 0.0016402189058305407
78.0 0.0015321642144963765
79.0 0.001434439543171712
80.0 0.0013505001569752706
81.0 0.001273931036684009
82.0 0.0012131674889705566
83.0 0.0011644563562491152
84.0 0.0011252855731100036
85.0 0.0011071424007732095
86.0 0.001096361767438499
87.0 0.0011057174037883044
88.0 0.0011262705811640726
89.0 0.001159955476792189
90.0 0.00120824618706882
91.0 0.001263042957209811
92.0 0.0013305377004347954
93.0 0.001399836421884914
94.0 0.001473128355351218
95.0 0.0015450240391405405
96.0 0.0016100697232888283
97.0 0.0016699561917471854
98.0 0.0017146589398862485
99.0 0.0017505024399925998
100.0 0.0017655959038647105
101.0 0.0017702848995907326
102.0 0.0017513006985670429
103.0 0.0017234080051709796
104.0 0.0016715691284755732
105.0 0.0016144226591893493
106.0 0.0015354886769777226
107.0 0.0014551080298565462
108.0 0.001357792859925316
109.0 0.001260477689994086
110.0 0.001154994038406525
111.0 0.0010487880007430295
112.0 0.0009423167852967285
113.0 0.0008357399535116036
114.0 0.0007321158415273891
115.0 0.0006318609587954545
116.0 0.0005334627232641984
117.0 0.00044390648355831187
118.0 0.0003543502438524254
119.0 0.0002756265673648683
120.0 0.00019906383812043926
121.0 0.00012856266535470198
122.0 6.557346235808634e-05
123.0 2.7305699602744108e-06
124.0 -4.7230887398710646e-05
125.0 -9.71923447576957e-05
126.0 -0.00014099214133469305
127.0 -0.00017925481078183355
128.0 -0.00021751748022897404
129.0 -0.00024576941946891464
130.0 -0.0002739402482313735
131.0 -0.0002987237592948228
132.0 -0.0003185520236305026
133.0 -0.00033838028796618247
134.0 -0.00035305855685659535
135.0 -0.0003661798280765159
136.0 -0.000378902200760517
137.0 -0.00038680134158285536
138.0 -0.0003947004824051938
139.0 -0.0004012769112357646
140.0 -0.0004051744604045052
141.0 -0.00040907200957324586
142.0 -0.00041139872948301424
143.0 -0.0004123281775667115
144.0 -0.0004132576256504087
145.0 -0.00041274651286795326
146.0 -0.00041153015387141714
147.0 -0.00041031379487488096
148.0 -0.0004079511533031543
149.0 -0.0004052179547615101
150.0 -0.00040248475621986585
151.0 -0.0003989414013095807
152.0 -0.0003951710989180717
153.0 -0.00039140079652656267
154.0 -0.0003871359778543443
155.0 -0.0003827032730536328
156.0 -0.0003782705682529212
157.0 -0.00037358086834042234
158.0 -0.0003687531656117662
159.0 -0.00036392546288311007
160.0 -0.00035900674465522576
161.0 -0.00035399410986073395
162.0 -0.0003489814750662421
163.0 -0.00034396134189300376
164.0 -0.00033892092334286483
165.0 -0.0003338805047927259
166.0 -0.00032884008624258697
167.0 -0.0003238792006325677
168.0 -0.0003189197302828064
169.0 -0.0003139602599330451
170.0 -0.0003091109273471193
171.0 -0.0003043266291467668
172.0 -0.00029954233094641434
173.0 -0.0002948068769289791
174.0 -0.0002902582983628551
175.0 -0.00028570971979673116
176.0 -0.0002811611412306071
177.0 -0.0002768061481988603
178.0 -0.00027252772674624364
179.0 -0.00026824930529362694
180.0 -0.00026400919024494355
181.0 -0.0002599772641141769
182.0 -0.0002559453379834103
183.0 -0.00025191341185264355
184.0 -0.0002480000756265696
185.0 -0.0002441952020309987
186.0 -0.00024039032843542788
187.0 -0.000236585454839857
188.0 -0.00023293951585190458
189.0 -0.00022932946150068986
190.0 -0.00022571940714947512
191.0 -0.00022211711124024545
192.0 -0.00021873237585588257
193.0 -0.0002153476404715197
194.0 -0.00021196290508715678
195.0 -0.00020862720644765055
196.0 -0.0002055200291399682
197.0 -0.0002024128518322858
198.0 -0.00019930567452460343
199.0 -0.00019626820701390023
200.0 -0.00019345030727860573
201.0 -0.00019063240754331126
202.0 -0.0001878145078080168
203.0 -0.00018505119698071214
204.0 -0.00018247507694564626
205.0 -0.00017989895691058037
206.0 -0.0001773228368755145
207.0 -0.00017476858636977595
208.0 -0.00017236138511105088
209.0 -0.0001699541838523258
210.0 -0.00016754698259360072
211.0 -0.00016513978133487564
212.0 -0.0001628618216044085
213.0 -0.00016059060610001575
214.0 -0.00015831939059562304
215.0 -0.00015604817509123027
216.0 -0.00015385881492628044
217.0 -0.00015170676236698393
218.0 -0.00014955470980768746
219.0 -0.00014740265724839095
220.0 -0.0001452991261189565
221.0 -0.00014329092354593116
222.0 -0.00014128272097290581
223.0 -0.00013927451839988044
224.0 -0.0001372663158268551
225.0 -0.00013543718413737174
226.0 -0.00013362798811079003
227.0 -0.00013181879208420833
228.0 -0.00013000959605762656
229.0 -0.00012827524890614297
230.0 -0.00012666688200191727
231.0 -0.00012505851509769155
232.0 -0.00012345014819346582
233.0 -0.00012184178128924012
234.0 -0.00012032798332139587
235.0 -0.00011884501936400463
236.0 -0.00011736205540661337
237.0 -0.00011587909144922213
238.0 -0.00011439571517268338
239.0 -0.00011290298992872634
240.0 -0.0001114102646847693
241.0 -0.00010991753944081228
242.0 -0.00010842481419685525
243.0 -0.00010690827946528178
244.0 -0.00010531431206424154
245.0 -0.0001037203446632013
246.0 -0.00010212637726216106
247.0 -0.00010053240986112084
248.0 -9.893350160145258e-05
249.0 -9.732460703798693e-05
250.0 -9.571571247452129e-05
251.0 -9.410681791105565e-05
252.0 -9.249792334759e-05
253.0 -9.092171465049387e-05
254.0 -8.941254779576314e-05
255.0 -8.79033809410324e-05
256.0 -8.639421408630165e-05
257.0 -8.488504723157092e-05
258.0 -8.341328394754622e-05
259.0 -8.207152177520444e-05
260.0 -8.072975960286269e-05
261.0 -7.938799743052091e-05
262.0 -7.804623525817914e-05
263.0 -7.670800417125476e-05
264.0 -7.558695021872887e-05
265.0 -7.446589626620299e-05
266.0 -7.334484231367711e-05
267.0 -7.222378836115123e-05
268.0 -7.110273440862536e-05
269.0 -7.013224747908044e-05
270.0 -6.92252591366023e-05
271.0 -6.831827079412418e-05
272.0 -6.741128245164604e-05
273.0 -6.650429410916791e-05
274.0 -6.564110104531468e-05
275.0 -6.488863919411212e-05
276.0 -6.413617734290957e-05
277.0 -6.338371549170702e-05
278.0 -6.263125364050446e-05
279.0 -6.187879178930191e-05
280.0 -6.118142358679106e-05
281.0 -6.0502032844060985e-05
282.0 -5.982264210133092e-05
283.0 -5.9143251358600844e-05
284.0 -5.846386061587077e-05
285.0 -5.7789673909611185e-05
286.0 -5.7156406797156575e-05
287.0 -5.652313968470197e-05
288.0 -5.588987257224736e-05
289.0 -5.525660545979275e-05
290.0 -5.462333834733814e-05
291.0 -5.401581499900639e-05
292.0 -5.345451328653832e-05
293.0 -5.289321157407026e-05
294.0 -5.233190986160219e-05
295.0 -5.177060814913413e-05
296.0 -5.120930643666606e-05
297.0 -5.0684428791944285e-05
298.0 -5.0198018315311164e-05
299.0 -4.9711607838678044e-05
