10.0 0.4448165041204109
11.0 0.37998126504449714
12.0 0.32684672138535986
13.0 0.28299696378237665
14.0 0.24645206213741042
15.0 0.21578432326578822
16.0 0.18987476047968038
17.0 0.1678492079208759
18.0 0.14901528149658566
19.0 0.13282727763693758
20.0 0.11879032212827784
21.0 0.10661419969255416
22.0 0.0959475168901563
23.0 0.08662625033738537
24.0 0.07841648791273718
25.0 0.07115514585554122
26.0 0.06471190533110963
27.0 0.05897439231865787
28.0 0.05384558215626525
29.0 0.04927956204787144
30.0 0.045171596232384544
31.0 0.041458286622966856
32.0 0.03812748154522606
33.0 0.03510376139111401
34.0 0.03236810697239361
35.0 0.02987765873702705
36.0 0.0276207888491726
37.0 0.02554842316177221
38.0 0.02367149334923717
39.0 0.021950186367276532
40.0 0.020366467003072337
41.0 0.018914908449862843
42.0 0.01758867275836198
43.0 0.016365330501963652
44.0 0.015236331182674652
45.0 0.01419371200320822
46.0 0.013230239091636967
47.0 0.012339449860489316
48.0 0.011515316869494412
49.0 0.010752112575211583
50.0 0.010044621751195085
51.0 0.009388076723354503
52.0 0.008778396453065093
53.0 0.008211620114125046
54.0 0.007684036584241202
55.0 0.00719222370868758
56.0 0.006733235126119068
57.0 0.006304413776486952
58.0 0.005903243507388652
59.0 0.0055274095234282
60.0 0.0051748327264779315
61.0 0.004845479692705451
62.0 0.004539347916481227
63.0 0.004251239103143291
64.0 0.003979756762174529
65.0 0.003723649808891147
66.0 0.003484872417270977
67.0 0.003262126306197564
68.0 0.0030515183113344778
69.0 0.0028522790347981857
70.0 0.0026678938772042833
71.0 0.002495966082753226
72.0 0.0023335797298889484
73.0 0.002182104288565003
74.0 0.002044810277073897
75.0 0.0019160366026339736
76.0 0.0017970156830302128
77.0 0.0016929615509849133
78.0 0.0015968423354006818
79.0 0.0015117991103441972
80.0 0.0014407963929821284
81.0 0.0013770512080220558
82.0 0.0013283462105673344
83.0 0.0012900623101634297
84.0 0.0012600274543669403
85.0 0.0012462286673737121
86.0 0.001237703237303406
87.0 0.0012430122680729462
88.0 0.0012550069627129841
89.0 0.001274842151446655
90.0 0.0013021912775688252
91.0 0.0013328874355165428
92.0 0.0013687664897757852
93.0 0.0014053017359582517
94.0 0.0014418454269465796
95.0 0.00147729088024373
96.0 0.0015073483804302285
97.0 0.0015342521746654005
98.0 0.0015518745214845053
99.0 0.0015643375894261028
100.0 0.001564716649418545
101.0 0.0015589136081319529
102.0 0.0015390444850571967
103.0 0.0015135723510192164
104.0 0.0014730392255199126
105.0 0.0014288056904883306
106.0 0.0013693820821543497
107.0 0.001308780827600639
108.0 0.0012343941576141413
109.0 0.0011600074876276438
110.0 0.0010766779507552953
111.0 0.000992557544442447
112.0 0.0009054833507351335
113.0 0.0008172327077530477
114.0 0.0007295676236191182
115.0 0.0006425706970257492
116.0 0.0005565446043470506
117.0 0.0004751419583939917
118.0 0.00039373931244093276
119.0 0.0003195756795430734
120.0 0.0002468561300989004
121.0 0.00017878207210239604
122.0 0.00011646508185577954
123.0 5.427183586788528e-05
124.0 2.9732457914028903e-06
125.0 -4.83253442850795e-05
126.0 -9.402576577196839e-05
127.0 -0.00013469543787622884
128.0 -0.0001753651099804893
129.0 -0.0002063858860641267
130.0 -0.00023732848337886255
131.0 -0.0002648607456365487
132.0 -0.00028740408948336836
133.0 -0.00030994743333018795
134.0 -0.00032711643222871025
135.0 -0.0003426606058912002
136.0 -0.0003577762168748484
137.0 -0.0003677099157149852
138.0 -0.000377643614555122
139.0 -0.00038611843094464766
140.0 -0.00039163858256189703
141.0 -0.0003971587341791463
142.0 -0.0004009089478953043
143.0 -0.00040308478021452526
144.0 -0.00040526061253374617
145.0 -0.0004057772632992149
146.0 -0.00040548163911209426
147.0 -0.0004051860149249735
148.0 -0.0004035536940058594
149.0 -0.0004014892612310592
150.0 -0.000399424828456259
151.0 -0.0003964035585520516
152.0 -0.00039311425177883256
153.0 -0.0003898249450056135
154.0 -0.0003859330814637645
155.0 -0.0003818366525172386
156.0 -0.00037774022357071267
157.0 -0.0003733199131339689
158.0 -0.00036872568282209436
159.0 -0.00036413145251021974
160.0 -0.00035941213624855804
161.0 -0.00035456374699345593
162.0 -0.0003497153577383538
163.0 -0.00034484545116916034
164.0 -0.00033991733377320175
165.0 -0.0003349892163772431
166.0 -0.0003300610989812844
167.0 -0.00032516473072839437
168.0 -0.0003202689274401635
169.0 -0.00031537312415193264
170.0 -0.00031056650512755
171.0 -0.00030581254782064007
172.0 -0.0003010585905137301
173.0 -0.00029634788797134806
174.0 -0.0002918026760393059
175.0 -0.00028725746410726376
176.0 -0.00028271225217522153
177.0 -0.0002783341954934194
178.0 -0.0002740222560528253
179.0 -0.0002697103166122311
180.0 -0.00026543392064791563
181.0 -0.00026135069755042246
182.0 -0.00025726747445292924
183.0 -0.000253184251355436
184.0 -0.0002492289391345971
185.0 -0.00024539061452908556
186.0 -0.000241552289923574
187.0 -0.0002377139653180624
188.0 -0.00023406080142439583
189.0 -0.00023044944356015364
190.0 -0.00022683808569591145
191.0 -0.000223235065104343
192.0 -0.00021986583648058746
193.0 -0.00021649660785683198
194.0 -0.00021312737923307644
195.0 -0.00020980174960649628
196.0 -0.0002066793002874553
197.0 -0.0002035568509684143
198.0 -0.0002004344016493733
199.0 -0.00019737377762710592
200.0 -0.00019450788725010532
201.0 -0.00019164199687310472
202.0 -0.00018877610649610413
203.0 -0.00018596178206961854
204.0 -0.00018332428241367503
205.0 -0.00018068678275773157
206.0 -0.0001780492831017881
207.0 -0.0001754354308646676
208.0 -0.00017298058228417277
209.0 -0.00017052573370367793
210.0 -0.00016807088512318312
211.0 -0.00016561603654268828
212.0 -0.00016332238741292867
213.0 -0.0001610371501733214
214.0 -0.00015875191293371414
215.0 -0.00015646667569410686
216.0 -0.00015427622357083858
217.0 -0.00015212897212044327
218.0 -0.00014998172067004798
219.0 -0.0001478344692196527
220.0 -0.00014573824595983225
221.0 -0.00014374227621186204
222.0 -0.00014174630646389186
223.0 -0.00013975033671592162
224.0 -0.00013775436696795144
225.0 -0.00013592277027973143
226.0 -0.00013410947297019582
227.0 -0.0001322961756606602
228.0 -0.0001304828783511246
229.0 -0.00012872776646147011
230.0 -0.00012707058808883662
231.0 -0.0001254134097162031
232.0 -0.00012375623134356964
233.0 -0.00012209905297093615
234.0 -0.00012050678833007459
235.0 -0.00011893568868017716
236.0 -0.00011736458903027972
237.0 -0.0001157934893803823
238.0 -0.0001142237111329171
239.0 -0.00011268389450222425
240.0 -0.00011114407787153143
241.0 -0.00010960426124083859
242.0 -0.00010806444461014575
243.0 -0.00010651882417005321
244.0 -0.00010495432871416292
245.0 -0.00010338983325827263
246.0 -0.00010182533780238233
247.0 -0.00010026084234649203
248.0 -9.870070162923454e-05
249.0 -9.71493625689803e-05
250.0 -9.559802350872607e-05
251.0 -9.404668444847182e-05
252.0 -9.249534538821757e-05
253.0 -9.097017580168128e-05
254.0 -8.949868231208395e-05
255.0 -8.802718882248661e-05
256.0 -8.655569533288928e-05
257.0 -8.508420184329195e-05
258.0 -8.364581816094117e-05
259.0 -8.232251204119768e-05
260.0 -8.099920592145419e-05
261.0 -7.96758998017107e-05
262.0 -7.83525936819672e-05
263.0 -7.703255816659441e-05
264.0 -7.591367906660671e-05
265.0 -7.479479996661902e-05
266.0 -7.367592086663132e-05
267.0 -7.255704176664361e-05
268.0 -7.143816266665592e-05
269.0 -7.044977486796623e-05
270.0 -6.95164191280427e-05
271.0 -6.858306338811915e-05
272.0 -6.764970764819559e-05
273.0 -6.671635190827206e-05
274.0 -6.582440332155652e-05
275.0 -6.503714785316562e-05
276.0 -6.424989238477472e-05
277.0 -6.346263691638382e-05
278.0 -6.267538144799291e-05
279.0 -6.188812597960201e-05
280.0 -6.11731699812576e-05
281.0 -6.048180582781361e-05
282.0 -5.979044167436962e-05
283.0 -5.9099077520925624e-05
284.0 -5.8407713367481635e-05
285.0 -5.77238693641202e-05
286.0 -5.7099156669402654e-05
287.0 -5.647444397468512e-05
288.0 -5.5849731279967584e-05
289.0 -5.5225018585250046e-05
290.0 -5.460030589053251e-05
291.0 -5.3998474812868006e-05
292.0 -5.343772652971447e-05
293.0 -5.2876978246560946e-05
294.0 -5.231622996340741e-05
295.0 -5.175548168025388e-05
296.0 -5.119473339710035e-05
297.0 -5.066386062450591e-05
298.0 -5.016453914086734e-05
299.0 -4.966521765722877e-05
