10.0 0.44332477081741567
11.0 0.38150677415978385
12.0 0.3301372011376215
13.0 0.2872265637936558
14.0 0.25111243646777587
15.0 0.22055129929019535
16.0 0.19454835664398
17.0 0.17232049878650016
18.0 0.15322029435785203
19.0 0.1367395021556111
20.0 0.12240295601885898
21.0 0.10993313294929637
22.0 0.09898570659648506
23.0 0.08940140099861146
24.0 0.08094769667354053
25.0 0.0734617663530504
26.0 0.06681292748950027
27.0 0.06088781175037144
28.0 0.055588153998607684
29.0 0.05086779891504076
30.0 0.04661966506441021
31.0 0.04277880136639046
32.0 0.039333054058456586
33.0 0.03620484843503696
34.0 0.033374671409759034
35.0 0.030798329229677193
36.0 0.02846391421591125
37.0 0.026320659621154013
38.0 0.02437987573923448
39.0 0.02260041689704352
40.0 0.020963604058548847
41.0 0.019463797293636852
42.0 0.018093904168303976
43.0 0.016830652107585328
44.0 0.015665182260205156
45.0 0.014589268481500169
46.0 0.013595409194136718
47.0 0.012676846089144909
48.0 0.011827302029841742
49.0 0.011040869082886847
50.0 0.010312155799824009
51.0 0.009636229407700623
52.0 0.00900878316272226
53.0 0.008425705932484878
54.0 0.007883169774018713
55.0 0.007377652191188342
56.0 0.006906068255197184
57.0 0.006465625341030449
58.0 0.006053705922068725
59.0 0.005667906329487182
60.0 0.0053060572071334765
61.0 0.00496808893861507
62.0 0.0046539017240603475
63.0 0.004358107218526605
64.0 0.0040792222764200895
65.0 0.0038159162396259982
66.0 0.003570067352288114
67.0 0.003340222587866173
68.0 0.0031223964579309934
69.0 0.0029157626860357956
70.0 0.002723591144943073
71.0 0.002543371996137484
72.0 0.002372242433217477
73.0 0.002211448466624618
74.0 0.0020639688775030327
75.0 0.0019244724631765618
76.0 0.0017941085336551092
77.0 0.0016779225035425582
78.0 0.0015694123947575657
79.0 0.001471678552186507
80.0 0.0013882751469321034
81.0 0.001312497695266596
82.0 0.0012529989612086677
83.0 0.001205728985597079
84.0 0.0011681389480405016
85.0 0.0011514511275373454
86.0 0.0011419648732423106
87.0 0.001152007355902266
88.0 0.0011725988856931709
89.0 0.0012055616239871902
90.0 0.0012518460532270615
91.0 0.0013040645382436183
92.0 0.001367376505872838
93.0 0.0014322364115629301
94.0 0.0015000165035715697
95.0 0.001566406094170621
96.0 0.0016259738861232225
97.0 0.0016807025338568373
98.0 0.0017211894408256257
99.0 0.0017534363435277617
100.0 0.0017663835961386019
101.0 0.0017695886230918315
102.0 0.0017506272479248896
103.0 0.0017231952563580345
104.0 0.0016729940997639095
105.0 0.0016176246716450905
106.0 0.001541039639517578
107.0 0.0014629959247658049
108.0 0.001367877008970507
109.0 0.0012727580931752094
110.0 0.0011688052379616395
111.0 0.0010640711463935186
112.0 0.0009584031102139115
113.0 0.0008523630978849989
114.0 0.0007488779620208886
115.0 0.0006483080924541494
116.0 0.0005494876641672749
117.0 0.0004589986800490299
118.0 0.0003685096959307849
119.0 0.0002885638984027831
120.0 0.00021072132146410764
121.0 0.0001388913869043412
122.0 7.451280381538572e-05
123.0 1.0281217965283274e-05
124.0 -4.10084798831629e-05
125.0 -9.229817773160907e-05
126.0 -0.00013734269811133265
127.0 -0.00017677503975932162
128.0 -0.00021620738140731063
129.0 -0.0002454246200726078
130.0 -0.0002745590923598983
131.0 -0.0003002221038841194
132.0 -0.0003208067772908947
133.0 -0.00034139145069766997
134.0 -0.00035668197832983665
135.0 -0.00037037192733510604
136.0 -0.0003836505507970474
137.0 -0.00039195568278822384
138.0 -0.0004002608147794004
139.0 -0.0004071988828004395
140.0 -0.0004113682453974597
141.0 -0.0004155376079944799
142.0 -0.0004180802743043197
143.0 -0.00041917597438363556
144.0 -0.00042027167446295153
145.0 -0.00041986977719371906
146.0 -0.00041873471072275634
147.0 -0.00041759964425179357
148.0 -0.0004152740940516448
149.0 -0.0004125636980438643
150.0 -0.00040985330203608376
151.0 -0.00040630224445450534
152.0 -0.00040251569402966863
153.0 -0.000398729143604832
154.0 -0.0003944247345721224
155.0 -0.0003899445147922765
156.0 -0.0003854642950124306
157.0 -0.00038071493641811323
158.0 -0.0003758210540074636
159.0 -0.00037092717159681386
160.0 -0.00036593730096368165
161.0 -0.00036084838253795627
162.0 -0.00035575946411223083
163.0 -0.000350661465854619
164.0 -0.00034553890391221114
165.0 -0.00034041634196980335
166.0 -0.0003352937800273955
167.0 -0.00033024518791819756
168.0 -0.00032519791207575736
169.0 -0.0003201506362333171
170.0 -0.0003152133623229368
171.0 -0.0003103410425918883
172.0 -0.0003054687228608398
173.0 -0.000300646038182812
174.0 -0.00029601325478637166
175.0 -0.00029138047138993137
176.0 -0.000286747687993491
177.0 -0.00028230577474380145
178.0 -0.00027793935901820394
179.0 -0.0002735729432926064
180.0 -0.0002692450919436442
181.0 -0.0002651268315512178
182.0 -0.0002610085711587915
183.0 -0.0002568903107663651
184.0 -0.000252894670710838
185.0 -0.0002490111795294308
186.0 -0.00024512768834802353
187.0 -0.00024124419716661636
188.0 -0.00023752894713183537
189.0 -0.00023385168298648075
190.0 -0.00023017441884112615
191.0 -0.0002265052472421438
192.0 -0.00022306300504981938
193.0 -0.00021962076285749493
194.0 -0.00021617852066517049
195.0 -0.00021278469019322035
196.0 -0.00020961646831026113
197.0 -0.00020644824642730188
198.0 -0.00020328002454434265
199.0 -0.0002001814231184331
200.0 -0.0001973021080703322
201.0 -0.00019442279302223127
202.0 -0.00019154347797413037
203.0 -0.00018871926008935886
204.0 -0.00018608397585491164
205.0 -0.00018344869162046447
206.0 -0.00018081340738601727
207.0 -0.00017820078077522263
208.0 -0.00017574050250477645
209.0 -0.00017328022423433024
210.0 -0.00017081994596388403
211.0 -0.00016835966769343784
212.0 -0.00016603747307091568
213.0 -0.00016372248408385236
214.0 -0.00016140749509678908
215.0 -0.0001590925061097258
216.0 -0.00015686204534101072
217.0 -0.00015467011040895065
218.0 -0.00015247817547689056
219.0 -0.0001502862405448305
220.0 -0.0001481444962959819
221.0 -0.00014610136013410308
222.0 -0.0001440582239722243
223.0 -0.0001420150878103455
224.0 -0.0001399719516484667
225.0 -0.0001381096112839942
226.0 -0.0001362673986142079
227.0 -0.00013442518594442154
228.0 -0.00013258297327463524
229.0 -0.00013081428548820202
230.0 -0.00012916934950127536
231.0 -0.00012752441351434867
232.0 -0.00012587947752742203
233.0 -0.00012423454154049534
234.0 -0.000122677976509549
235.0 -0.00012115022465008051
236.0 -0.00011962247279061204
237.0 -0.00011809472093114357
238.0 -0.00011656687843805096
239.0 -0.00011503698090869752
240.0 -0.00011350708337934407
241.0 -0.00011197718584999063
242.0 -0.0001104472883206372
243.0 -0.00010889682667732987
244.0 -0.00010727948689433637
245.0 -0.00010566214711134288
246.0 -0.00010404480732834936
247.0 -0.00010242746754535587
248.0 -0.00010080599061573462
249.0 -9.917615181903933e-05
250.0 -9.754631302234405e-05
251.0 -9.591647422564878e-05
252.0 -9.428663542895347e-05
253.0 -9.268820708937827e-05
254.0 -9.115420460564738e-05
255.0 -8.962020212191648e-05
256.0 -8.808619963818559e-05
257.0 -8.655219715445469e-05
258.0 -8.505587883838144e-05
259.0 -8.369053688621849e-05
260.0 -8.232519493405556e-05
261.0 -8.09598529818926e-05
262.0 -7.959451102972968e-05
263.0 -7.823275279961523e-05
264.0 -7.709140908599583e-05
265.0 -7.595006537237643e-05
266.0 -7.480872165875706e-05
267.0 -7.366737794513767e-05
268.0 -7.252603423151829e-05
269.0 -7.153442578499083e-05
270.0 -7.060596514935958e-05
271.0 -6.967750451372832e-05
272.0 -6.874904387809707e-05
273.0 -6.78205832424658e-05
274.0 -6.693623746374135e-05
275.0 -6.616343091377806e-05
276.0 -6.539062436381477e-05
277.0 -6.461781781385148e-05
278.0 -6.384501126388817e-05
279.0 -6.307220471392487e-05
280.0 -6.23588778827125e-05
281.0 -6.166495971796184e-05
282.0 -6.0971041553211185e-05
283.0 -6.027712338846053e-05
284.0 -5.958320522370987e-05
285.0 -5.889502583513536e-05
286.0 -5.825197072487776e-05
287.0 -5.760891561462015e-05
288.0 -5.696586050436255e-05
289.0 -5.632280539410494e-05
290.0 -5.567975028384734e-05
291.0 -5.5062116441228454e-05
292.0 -5.449012520822887e-05
293.0 -5.391813397522929e-05
294.0 -5.33461427422297e-05
295.0 -5.2774151509230116e-05
296.0 -5.220216027623053e-05
297.0 -5.1666271190929965e-05
298.0 -5.116850929651792e-05
299.0 -5.067074740210588e-05
