10.0 0.43574260690411976
11.0 0.37494791006829653
12.0 0.3244282575641401
13.0 0.2822262599964543
14.0 0.2467057706009772
15.0 0.21664505805936762
16.0 0.19106684336697688
17.0 0.16920138441731883
18.0 0.1504131582394019
19.0 0.13420267273144362
20.0 0.12010293777333587
21.0 0.10784119642838919
22.0 0.09707871065144505
23.0 0.08765880773720408
24.0 0.07935254581638103
25.0 0.07199953269309863
26.0 0.06547097459409554
27.0 0.05965510048760353
28.0 0.054455001071779134
29.0 0.04982505488974911
30.0 0.04565969324671352
31.0 0.04189486308795525
32.0 0.03851843670710108
33.0 0.03545400039276928
34.0 0.03268224777261178
35.0 0.03015965006715725
36.0 0.027874403284505068
37.0 0.025776610799352607
38.0 0.023877273303110933
39.0 0.022135985767678883
40.0 0.020534393693082947
41.0 0.01906692463225056
42.0 0.017726588973314944
43.0 0.016490579008321012
44.0 0.015350202920833523
45.0 0.014297393704072608
46.0 0.013324800356649905
47.0 0.012425806539999492
48.0 0.01159426964326623
49.0 0.01082440948414773
50.0 0.010110955206322186
51.0 0.009449087333529445
52.0 0.008834605444536719
53.0 0.008263499691821208
54.0 0.0077320388916570304
55.0 0.00723679247334058
56.0 0.006774762317637657
57.0 0.006343238371662833
58.0 0.005939682169232613
59.0 0.005561765449490937
60.0 0.005207390148961177
61.0 0.004876529058290456
62.0 0.004569147524602581
63.0 0.004279980217047718
64.0 0.00400760312601702
65.0 0.003750737173009072
66.0 0.003511319841432938
67.0 0.0032879855115080306
68.0 0.003076779981521967
69.0 0.002876897859876657
70.0 0.0026917070470144364
71.0 0.0025187021270073216
72.0 0.002354967916482067
73.0 0.0022017784744293154
74.0 0.0020621168247213994
75.0 0.0019304996535769066
76.0 0.0018080628294962285
77.0 0.0016996250048716627
78.0 0.0015986196695918378
79.0 0.0015079931474689897
80.0 0.001430752839496271
81.0 0.0013605241828307283
82.0 0.0013050268234908004
83.0 0.001260240092439385
84.0 0.0012239315907043794
85.0 0.0012053882049587415
86.0 0.0011928700798643501
87.0 0.0011965522411618147
88.0 0.0012087851535803904
89.0 0.0012310458081887937
90.0 0.0012639016022070047
91.0 0.0013014769283383016
92.0 0.001347670589172066
93.0 0.0013950556850545633
94.0 0.0014444841871724358
95.0 0.0014927593458869068
96.0 0.0015353762029168463
97.0 0.0015740950674669985
98.0 0.0016013420279183724
99.0 0.0016219896292316404
100.0 0.0016271802819717521
101.0 0.0016245529685451102
102.0 0.0016041375040424582
103.0 0.0015768815728531636
104.0 0.0015312383475758842
105.0 0.0014813599316011413
106.0 0.0014140961812240983
107.0 0.0013456045746440368
108.0 0.001262739799308572
109.0 0.0011798750239731073
110.0 0.0010890764737678204
111.0 0.0009975762939651751
112.0 0.0009046396332435809
113.0 0.0008111308436888526
114.0 0.0007192996963433307
115.0 0.0006293828387331155
116.0 0.0005407849815365661
117.0 0.0004584686602974312
118.0 0.0003761523390582963
119.0 0.00030222975486152983
120.0 0.00022998160565818718
121.0 0.00016271237427857663
122.0 0.00010161341951130054
123.0 4.06406645741546e-05
124.0 -9.221241750348517e-06
125.0 -5.908314807485164e-05
126.0 -0.00010339930872684172
127.0 -0.000142731829430926
128.0 -0.00018206435013501035
129.0 -0.00021201719792599905
130.0 -0.00024189404828894233
131.0 -0.0002684811133186397
132.0 -0.0002902556099812195
133.0 -0.00031203010664379935
134.0 -0.0003286338449807163
135.0 -0.00034367430840733513
136.0 -0.00035830145341939854
137.0 -0.0003679310104069765
138.0 -0.00037756056739455445
139.0 -0.0003857797286471004
140.0 -0.0003911424249448981
141.0 -0.0003965051212426959
142.0 -0.00040014736228879234
143.0 -0.00040225923735940966
144.0 -0.00040437111243002687
145.0 -0.0004048619552030208
146.0 -0.00040455919951192854
147.0 -0.00040425644382083634
148.0 -0.0004026372045591441
149.0 -0.00040059238771874135
150.0 -0.0003985475708783385
151.0 -0.0003955527849534803
152.0 -0.00039229188609128966
153.0 -0.000389030987229099
154.0 -0.0003851682442789814
155.0 -0.00038110117787618883
156.0 -0.00037703411147339616
157.0 -0.00037264123061023766
158.0 -0.00036807339189374663
159.0 -0.00036350555317725565
160.0 -0.0003588089382265289
161.0 -0.00035397944237219083
162.0 -0.00034914994651785274
163.0 -0.000344297243807488
164.0 -0.000339381759549659
165.0 -0.0003344662752918299
166.0 -0.00032955079103400085
167.0 -0.0003246673730182592
168.0 -0.00031978452560984036
169.0 -0.00031490167820142164
170.0 -0.00031010672221240564
171.0 -0.00030536366453927133
172.0 -0.00030062060686613696
173.0 -0.0002959210318166084
174.0 -0.00029138781915509043
175.0 -0.00028685460649357245
176.0 -0.00028232139383205435
177.0 -0.00027796149466689416
178.0 -0.0002736701485996882
179.0 -0.0002693788025324823
180.0 -0.0002651238497391264
181.0 -0.0002610666883206929
182.0 -0.00025700952690225934
183.0 -0.0002529523654838258
184.0 -0.00024901685858396745
185.0 -0.0002451926172183167
186.0 -0.0002413683758526659
187.0 -0.00023754413448701518
188.0 -0.00023389146371519657
189.0 -0.0002302775305633765
190.0 -0.00022666359741155642
191.0 -0.00022305767654913676
192.0 -0.00021967643454501008
193.0 -0.0002162951925408834
194.0 -0.00021291395053675677
195.0 -0.00020957849703288548
196.0 -0.00020645642737190904
197.0 -0.00020333435771093265
198.0 -0.00020021228804995624
199.0 -0.00019715546058831162
200.0 -0.000194304129128532
201.0 -0.0001914527976687524
202.0 -0.00018860146620897276
203.0 -0.00018580295855227986
204.0 -0.00018318558896764187
205.0 -0.00018056821938300388
206.0 -0.00017795084979836591
207.0 -0.00017535648765880447
208.0 -0.00017291682603536162
209.0 -0.00017047716441191875
210.0 -0.00016803750278847587
211.0 -0.000165597841165033
212.0 -0.00016330598557438898
213.0 -0.00016102184296357263
214.0 -0.0001587377003527563
215.0 -0.00015645355774193998
216.0 -0.00015425931186441286
217.0 -0.00015210603865767187
218.0 -0.00014995276545093085
219.0 -0.00014779949224418985
220.0 -0.0001456959290797815
221.0 -0.00014369002970203554
222.0 -0.0001416841303242896
223.0 -0.00013967823094654367
224.0 -0.00013767233156879773
225.0 -0.0001358340218350258
226.0 -0.00013401436957689693
227.0 -0.00013219471731876803
228.0 -0.00013037506506063915
229.0 -0.0001286205162472857
230.0 -0.00012697554487326446
231.0 -0.00012533057349924323
232.0 -0.00012368560212522203
233.0 -0.00012204063075120081
234.0 -0.000120475176237788
235.0 -0.00011893564803596339
236.0 -0.00011739611983413879
237.0 -0.00011585659163231418
238.0 -0.0001143177366177221
239.0 -0.00011279414552075612
240.0 -0.00011127055442379015
241.0 -0.00010974696332682417
242.0 -0.0001082233722298582
243.0 -0.0001066872936032925
244.0 -0.00010511060331941061
245.0 -0.00010353391303552875
246.0 -0.00010195722275164688
247.0 -0.000100380532467765
248.0 -9.88058259240252e-05
249.0 -9.723512885175691e-05
250.0 -9.566443177948863e-05
251.0 -9.409373470722035e-05
252.0 -9.252303763495206e-05
253.0 -9.09822857335508e-05
254.0 -8.950295424555319e-05
255.0 -8.802362275755557e-05
256.0 -8.654429126955796e-05
257.0 -8.506495978156035e-05
258.0 -8.362008719393073e-05
259.0 -8.229498112245594e-05
260.0 -8.096987505098113e-05
261.0 -7.964476897950632e-05
262.0 -7.831966290803151e-05
263.0 -7.699784990157622e-05
264.0 -7.587857473824684e-05
265.0 -7.475929957491744e-05
266.0 -7.364002441158806e-05
267.0 -7.252074924825867e-05
268.0 -7.140147408492928e-05
269.0 -7.041912973462581e-05
270.0 -6.949453317650757e-05
271.0 -6.85699366183893e-05
272.0 -6.764534006027105e-05
273.0 -6.672074350215279e-05
274.0 -6.583817146759807e-05
275.0 -6.506185349972281e-05
276.0 -6.428553553184754e-05
277.0 -6.35092175639723e-05
278.0 -6.273289959609705e-05
279.0 -6.19565816282218e-05
280.0 -6.124492795325372e-05
281.0 -6.055437470914468e-05
282.0 -5.9863821465035635e-05
283.0 -5.9173268220926586e-05
284.0 -5.8482714976817544e-05
285.0 -5.77987821567365e-05
286.0 -5.716690605523899e-05
287.0 -5.653502995374147e-05
288.0 -5.590315385224396e-05
289.0 -5.527127775074644e-05
290.0 -5.4639401649248925e-05
291.0 -5.403208141564117e-05
292.0 -5.346885000985598e-05
293.0 -5.290561860407081e-05
294.0 -5.234238719828562e-05
295.0 -5.177915579250044e-05
296.0 -5.121592438671526e-05
297.0 -5.068566284783569e-05
298.0 -5.019022052302504e-05
299.0 -4.969477819821438e-05
