10.0 0.4351070619881987
11.0 0.374371225477141
12.0 0.3239200100069396
13.0 0.2817904304678099
14.0 0.2463421546502359
15.0 0.2163505079138794
16.0 0.19083627177237253
17.0 0.16902846049411788
18.0 0.15029102266613434
19.0 0.13412426738107536
20.0 0.12006156916751302
21.0 0.1078303523886217
22.0 0.0970926293124207
23.0 0.08769204017936283
24.0 0.07940042800041293
25.0 0.07205804136966613
26.0 0.06553667675255208
27.0 0.05972513095873997
28.0 0.054527019441279516
29.0 0.049897071669764065
30.0 0.04573026446606986
31.0 0.04196289927269432
32.0 0.03858305936248563
33.0 0.03551466099266251
34.0 0.03273857039268039
35.0 0.030211444746819548
36.0 0.027921606491045536
37.0 0.02581926454448584
38.0 0.0239155174533975
39.0 0.022170006115411752
40.0 0.020564410681381456
41.0 0.01909320123659336
42.0 0.017749422189525396
43.0 0.016510247440519585
44.0 0.015366987868670459
45.0 0.01431157382809627
46.0 0.013336647211773224
47.0 0.012435580932393046
48.0 0.011602218691998012
49.0 0.010830764270412905
50.0 0.010115928775446238
51.0 0.009452872936348878
52.0 0.008837374865030292
53.0 0.008265401681882145
54.0 0.0077331976541498
55.0 0.007237306245970634
56.0 0.006774702021356251
57.0 0.006342646388249779
58.0 0.00593857129832253
59.0 0.005560118226489706
60.0 0.00520515876339158
61.0 0.004873623795189966
62.0 0.004565415512369852
63.0 0.004275247429735367
64.0 0.004001663939543161
65.0 0.0037433591104472125
66.0 0.003502173606759174
67.0 0.003276680294137623
68.0 0.0030629696489592284
69.0 0.002860230655069633
70.0 0.0026716666740637645
71.0 0.00249481515840023
72.0 0.0023268695362152537
73.0 0.0021690495197595177
74.0 0.002024270890477096
75.0 0.0018873120648173895
76.0 0.001759298936775325
77.0 0.001645175812900194
78.0 0.0015385757072592077
79.0 0.001442538332495171
80.0 0.0013605563732914342
81.0 0.0012860582806788901
82.0 0.0012275446065838443
83.0 0.0011810516145303361
84.0 0.0011440738531563494
85.0 0.001127666940063771
86.0 0.0011183533586243302
87.0 0.0011282836275421336
88.0 0.0011486206265555628
89.0 0.0011811619342852655
90.0 0.0012268611513249373
91.0 0.0012784214687359726
92.0 0.001340955672099872
93.0 0.0014050222562120565
94.0 0.001472000423992435
95.0 0.0015376100083484745
96.0 0.001596505323673696
97.0 0.0016506275778835594
98.0 0.0016907025758052367
99.0 0.0017226468318754847
100.0 0.0017355473511177924
101.0 0.0017388358331798498
102.0 0.001720254129842843
103.0 0.0016933192503302752
104.0 0.001643930887167434
105.0 0.0015894502991371888
106.0 0.0015140662764104762
107.0 0.0014372472314466472
108.0 0.0013436299516967568
109.0 0.0012500126719468666
110.0 0.0011477342904096114
111.0 0.001044689957549126
112.0 0.0009407618762312933
113.0 0.0008364818111404661
114.0 0.0007347389889422483
115.0 0.000635891312084704
116.0 0.0005387717130510365
117.0 0.00044988181802308916
118.0 0.0003609919229951419
119.0 0.0002824943271016142
120.0 0.00020606985182706287
121.0 0.0001355635065725022
122.0 7.239138544934741e-05
123.0 9.363795889431364e-06
124.0 -4.0938987961647476e-05
125.0 -9.124177181272632e-05
126.0 -0.0001354098213678246
127.0 -0.00017406494106413586
128.0 -0.00021272006076044714
129.0 -0.00024134776266885414
130.0 -0.0002698942188910972
131.0 -0.00029503514714750997
132.0 -0.00031519418920117814
133.0 -0.00033535323125484626
134.0 -0.00035032110370972804
135.0 -0.0003637195303159015
136.0 -0.00037671481301322884
137.0 -0.0003848355314520023
138.0 -0.0003929562498907758
139.0 -0.0003997375024405187
140.0 -0.00040380594377347953
141.0 -0.0004078743851064404
142.0 -0.0004103495450420291
143.0 -0.00041140746170000795
144.0 -0.0004124653783579867
145.0 -0.0004120568692979311
146.0 -0.00041093045153288877
147.0 -0.00040980403376784637
148.0 -0.0004075121798923729
149.0 -0.00040484357731369067
150.0 -0.00040217497473500846
151.0 -0.00039868356287671165
152.0 -0.00039496165910257725
153.0 -0.0003912397553284429
154.0 -0.00038701120365187264
155.0 -0.0003826106472139483
156.0 -0.00037821009077602393
157.0 -0.000373546353374149
158.0 -0.0003687412914391668
159.0 -0.0003639362295041847
160.0 -0.00035903747293596734
161.0 -0.00035404203527125943
162.0 -0.0003490465976065516
163.0 -0.00034404246342759656
164.0 -0.00033901480255371365
165.0 -0.0003339871416798307
166.0 -0.00032895948080594777
167.0 -0.00032400497735322875
168.0 -0.0003190517757106854
169.0 -0.00031409857406814205
170.0 -0.0003092536186671073
171.0 -0.00030447258074144123
172.0 -0.00029969154281577517
173.0 -0.00029495929227698204
174.0 -0.0002904136998906168
175.0 -0.00028586810750425153
176.0 -0.0002813225151178862
177.0 -0.0002769645211177597
178.0 -0.0002726807305167808
179.0 -0.0002683969399158019
180.0 -0.0002641510106200387
181.0 -0.00026011085120488135
182.0 -0.0002560706917897239
183.0 -0.0002520305323745665
184.0 -0.00024811060750208554
185.0 -0.00024430064945021906
186.0 -0.00024049069139835257
187.0 -0.0002366807333464861
188.0 -0.00023303549148401913
189.0 -0.00022942743963768518
190.0 -0.00022581938779135124
191.0 -0.0002222192717977034
192.0 -0.00021884169124080662
193.0 -0.00021546411068390988
194.0 -0.00021208653012701314
195.0 -0.00020875650862802077
196.0 -0.00020564812213527448
197.0 -0.00020253973564252824
198.0 -0.00019943134914978194
199.0 -0.00019639138164615635
200.0 -0.00019356691620806427
201.0 -0.0001907424507699722
202.0 -0.00018791798533188014
203.0 -0.00018514761892279925
204.0 -0.00018256276346223993
205.0 -0.0001799779080016806
206.0 -0.00017739305254112133
207.0 -0.00017483039696934518
208.0 -0.0001724170119593851
209.0 -0.00017000362694942503
210.0 -0.00016759024193946492
211.0 -0.00016517685692950487
212.0 -0.00016289861189071396
213.0 -0.000160627418877147
214.0 -0.00015835622586358002
215.0 -0.00015608503285001305
216.0 -0.00015389657905610625
217.0 -0.00015174583571823266
218.0 -0.00014959509238035907
219.0 -0.00014744434904248547
220.0 -0.00014534282185409462
221.0 -0.00014333798811632
222.0 -0.00014133315437854537
223.0 -0.00013932832064077078
224.0 -0.00013732348690299615
225.0 -0.00013549627524402538
226.0 -0.00013368883795494035
227.0 -0.00013188140066585526
228.0 -0.00013007396337677023
229.0 -0.00012833889233177336
230.0 -0.00012672562294794247
231.0 -0.00012511235356411159
232.0 -0.0001234990841802807
233.0 -0.0001218858147964498
234.0 -0.00012035958312640311
235.0 -0.00011886172992691259
236.0 -0.00011736387672742206
237.0 -0.00011586602352793153
238.0 -0.00011436806182731603
239.0 -0.00011286763996085974
240.0 -0.00011136721809440342
241.0 -0.00010986679622794712
242.0 -0.00010836637436149082
243.0 -0.00010684553825206137
244.0 -0.00010525831140991149
245.0 -0.00010367108456776158
246.0 -0.00010208385772561169
247.0 -0.00010049663088346179
248.0 -9.890522356924393e-05
249.0 -9.730536681997238e-05
250.0 -9.57055100707008e-05
251.0 -9.410565332142923e-05
252.0 -9.250579657215766e-05
253.0 -9.093683781486672e-05
254.0 -8.943125379833854e-05
255.0 -8.792566978181033e-05
256.0 -8.642008576528214e-05
257.0 -8.491450174875393e-05
258.0 -8.34459453695761e-05
259.0 -8.210608349543286e-05
260.0 -8.07662216212896e-05
261.0 -7.942635974714635e-05
262.0 -7.80864978730031e-05
263.0 -7.675015599670294e-05
264.0 -7.563030932068569e-05
265.0 -7.451046264466844e-05
266.0 -7.339061596865121e-05
267.0 -7.227076929263396e-05
268.0 -7.115092261661673e-05
269.0 -7.017822912569629e-05
270.0 -6.926759450497879e-05
271.0 -6.835695988426129e-05
272.0 -6.74463252635438e-05
273.0 -6.653569064282631e-05
274.0 -6.566837815586037e-05
275.0 -6.491060059036418e-05
276.0 -6.4152823024868e-05
277.0 -6.339504545937182e-05
278.0 -6.263726789387562e-05
279.0 -6.187949032837946e-05
280.0 -6.117986650968305e-05
281.0 -6.049921868312041e-05
282.0 -5.981857085655778e-05
283.0 -5.913792302999515e-05
284.0 -5.845727520343252e-05
285.0 -5.7782229226021184e-05
286.0 -5.715123086301991e-05
287.0 -5.6520232500018655e-05
288.0 -5.5889234137017384e-05
289.0 -5.525823577401612e-05
290.0 -5.4627237411014856e-05
291.0 -5.402121035243385e-05
292.0 -5.346001801710647e-05
293.0 -5.289882568177909e-05
294.0 -5.233763334645171e-05
295.0 -5.177644101112433e-05
296.0 -5.1215248675796945e-05
297.0 -5.0689552635913724e-05
298.0 -5.020134395117396e-05
299.0 -4.9713135266434206e-05
