10.0 0.44843368328881084
11.0 0.3833810371646203
12.0 0.33001424061633483
13.0 0.28592175768801165
14.0 0.24912826733166615
15.0 0.2182106661697921
16.0 0.192054278318036
17.0 0.16978890442212075
18.0 0.15072543145734615
19.0 0.1343209418412925
20.0 0.12008211916839633
21.0 0.10772052208163992
22.0 0.0968848506598477
23.0 0.08741216971435357
24.0 0.07906790048817813
25.0 0.07168836273879681
26.0 0.06514249822269157
27.0 0.05931694976727801
28.0 0.054113545155903144
29.0 0.04948604590597382
30.0 0.0453277031846775
31.0 0.041573800236006896
32.0 0.03821200844640785
33.0 0.035165027392860905
34.0 0.03241328439676318
35.0 0.029912718657843455
36.0 0.0276512373613911
37.0 0.025578419041558022
38.0 0.023705183770872097
39.0 0.02199063853096679
40.0 0.020416174108923203
41.0 0.018976027298029184
42.0 0.017662988340116984
43.0 0.016454081998396184
44.0 0.015340457202685776
45.0 0.014313883701369993
46.0 0.013366892537249432
47.0 0.012492817296022155
48.0 0.011685456699781327
49.0 0.010938937654748206
50.0 0.010247925965455302
51.0 0.009607559400244095
52.0 0.009013684675077903
53.0 0.008462288467209523
54.0 0.007949624424534162
55.0 0.0074722495299013566
56.0 0.007027208105448323
57.0 0.006611842242712041
58.0 0.00622364051078188
59.0 0.005860295684044002
60.0 0.005519736973550741
61.0 0.005201893592621879
62.0 0.004906705971918588
63.0 0.0046290422396966435
64.0 0.004367484793895897
65.0 0.004120757842615175
66.0 0.003890626254846672
67.0 0.0036756373588088275
68.0 0.003471939710328736
69.0 0.0032786982287919923
70.0 0.003098805303559456
71.0 0.002929656330094049
72.0 0.002768484853496319
73.0 0.002616209324022719
74.0 0.002474685929898892
75.0 0.0023392100446031467
76.0 0.0022105188965024195
77.0 0.002091210191268459
78.0 0.0019764636319721932
79.0 0.0018679252420846406
80.0 0.0017663279813567502
81.0 0.0016681632900204535
82.0 0.0015767745660393402
83.0 0.0014896274486701654
84.0 0.001405837866690822
85.0 0.0013282100482030189
86.0 0.0012526003366138037
87.0 0.0011823109509682724
88.0 0.0011147321055529431
89.0 0.0010503319982670064
90.0 0.0009897284774631697
91.0 0.0009308161200437234
92.0 0.0008763646677801277
93.0 0.0008227015715092153
94.0 0.0007735696533623087
95.0 0.0007251589001266868
96.0 0.0006802861812876831
97.0 0.0006364237481468879
98.0 0.0005955346149040044
99.0 0.000555747781689532
100.0 0.0005185427438425754
101.0 0.0004823426464758068
102.0 0.00044842908152714926
103.0 0.00041536859648348446
104.0 0.0003846012051441249
105.0 0.00035438396884061526
106.0 0.00032642510292809815
107.0 0.00029867270914411256
108.0 0.0002733372585977605
109.0 0.00024800180805140847
110.0 0.00022491078772092217
111.0 0.00020201825533526608
112.0 0.0001806929086501854
113.0 0.00015999174855494877
114.0 0.00014026227221311437
115.0 0.00012164154493880716
116.0 0.00010334891668399782
117.0 8.661880938613074e-05
118.0 6.988870208826367e-05
119.0 5.460986867684429e-05
120.0 3.962054442782115e-05
121.0 2.5331732653733382e-05
122.0 1.1911052448345114e-05
123.0 -1.492917063375921e-06
124.0 -1.342564856029593e-05
125.0 -2.535838005721594e-05
126.0 -3.659235440340581e-05
127.0 -4.719839623052551e-05
128.0 -5.780443805764522e-05
129.0 -6.714756996969182e-05
130.0 -7.648046933884613e-05
131.0 -8.535255225229965e-05
132.0 -9.35505149806635e-05
133.0 -0.00010174847770902734
134.0 -0.0001091436145362164
135.0 -0.00011629603307923905
136.0 -0.0001233769981764436
137.0 -0.0001295939928514424
138.0 -0.00013581098752644117
139.0 -0.00014173297276966678
140.0 -0.00014705747740355053
141.0 -0.00015238198203743427
142.0 -0.00015727909096264193
143.0 -0.0001617960261809328
144.0 -0.0001663129613992237
145.0 -0.00017033459381561074
146.0 -0.00017411374399186922
147.0 -0.0001778928941681277
148.0 -0.00018116805721067933
149.0 -0.00018428029712311815
150.0 -0.00018739253703555693
151.0 -0.00019003183795571844
152.0 -0.00019253865542302512
153.0 -0.00019504547289033182
154.0 -0.00019714373358553603
155.0 -0.0001991032910319017
156.0 -0.0002010628484782674
157.0 -0.00020269666909352886
158.0 -0.00020415557354129638
159.0 -0.00020561447798906395
160.0 -0.00020685421194446807
161.0 -0.00020786778947246126
162.0 -0.00020888136700045445
163.0 -0.00020978630120738122
164.0 -0.00021039732245124287
165.0 -0.00021100834369510452
166.0 -0.00021161936493896614
167.0 -0.0002118588953713221
168.0 -0.00021209181525739474
169.0 -0.00021232473514346735
170.0 -0.00021235618446231757
171.0 -0.00021226866900383697
172.0 -0.00021218115354535634
173.0 -0.0002120366727235891
174.0 -0.00021167424521221665
175.0 -0.00021131181770084418
176.0 -0.00021094939018947176
177.0 -0.00021041126324182396
178.0 -0.0002098036394522186
179.0 -0.00020919601566261325
180.0 -0.0002085535745477174
181.0 -0.00020772190707553677
182.0 -0.0002068902396033561
183.0 -0.00020605857213117548
184.0 -0.0002051362973026145
185.0 -0.00020413115275389132
186.0 -0.00020312600820516816
187.0 -0.000202120863656445
188.0 -0.0002009828081850041
189.0 -0.00019981474376679152
190.0 -0.00019864667934857896
191.0 -0.00019747407567841292
192.0 -0.0001961741833026799
193.0 -0.00019487429092694683
194.0 -0.0001935743985512138
195.0 -0.00019225423141843307
196.0 -0.00019083957974153158
197.0 -0.00018942492806463013
198.0 -0.00018801027638772866
199.0 -0.00018657659126250685
200.0 -0.00018508295571299522
201.0 -0.00018358932016348365
202.0 -0.00018209568461397205
203.0 -0.0001805885010308287
204.0 -0.0001790348598935375
205.0 -0.00017748121875624636
206.0 -0.00017592757761895517
207.0 -0.00017436770390030128
208.0 -0.00017276592272298102
209.0 -0.0001711641415456608
210.0 -0.00016956236036834053
211.0 -0.00016796057919102032
212.0 -0.00016634616931039716
213.0 -0.00016473110042464426
214.0 -0.0001631160315388914
215.0 -0.0001615009626531385
216.0 -0.00015987187430180065
217.0 -0.00015823639623053652
218.0 -0.00015660091815927242
219.0 -0.0001549654400880083
220.0 -0.0001533287382655591
221.0 -0.00015168963217690814
222.0 -0.00015005052608825723
223.0 -0.0001484114199996063
224.0 -0.00014677231391095537
225.0 -0.00014515860421103954
226.0 -0.00014354772184873844
227.0 -0.00014193683948643735
228.0 -0.00014032595712413625
229.0 -0.00013872501421831904
230.0 -0.00013714080069131753
231.0 -0.00013555658716431603
232.0 -0.00013397237363731453
233.0 -0.00013238816011031305
234.0 -0.00013082204152203467
235.0 -0.00012926182275193213
236.0 -0.00012770160398182959
237.0 -0.00012614138521172707
238.0 -0.00012458356879334787
239.0 -0.00012308022354887624
240.0 -0.00012157687830440456
241.0 -0.0001200735330599329
242.0 -0.00011857018781546125
243.0 -0.00011707861086284602
244.0 -0.00011562530647905662
245.0 -0.00011417200209526721
246.0 -0.00011271869771147783
247.0 -0.00011126539332768843
248.0 -0.00010983303163961461
249.0 -0.00010844299865136748
250.0 -0.00010705296566312037
251.0 -0.00010566293267487325
252.0 -0.00010427289968662614
253.0 -0.00010290239067359342
254.0 -0.00010157192720360596
255.0 -0.00010024146373361849
256.0 -9.891100026363102e-05
257.0 -9.758053679364354e-05
258.0 -9.626396510467654e-05
259.0 -9.499567615828806e-05
260.0 -9.372738721189958e-05
261.0 -9.245909826551107e-05
262.0 -9.11908093191226e-05
263.0 -8.992384825139878e-05
264.0 -8.873855750572507e-05
265.0 -8.755326676005137e-05
266.0 -8.636797601437764e-05
267.0 -8.518268526870394e-05
268.0 -8.399739452303023e-05
269.0 -8.285948811577054e-05
270.0 -8.174156509184947e-05
271.0 -8.062364206792838e-05
272.0 -7.950571904400732e-05
273.0 -7.838779602008625e-05
274.0 -7.728950847637763e-05
275.0 -7.624086693568971e-05
276.0 -7.519222539500177e-05
277.0 -7.414358385431385e-05
278.0 -7.309494231362592e-05
279.0 -7.204630077293799e-05
280.0 -7.105214874904594e-05
281.0 -7.007577705228658e-05
282.0 -6.909940535552723e-05
283.0 -6.812303365876787e-05
284.0 -6.714666196200852e-05
285.0 -6.617834451309079e-05
286.0 -6.527335800967136e-05
287.0 -6.436837150625191e-05
288.0 -6.346338500283248e-05
289.0 -6.255839849941307e-05
290.0 -6.165341199599364e-05
291.0 -6.077346079669397e-05
292.0 -5.9938459228894936e-05
293.0 -5.91034576610959e-05
294.0 -5.826845609329687e-05
295.0 -5.743345452549783e-05
296.0 -5.65984529576988e-05
297.0 -5.579839199644115e-05
298.0 -5.503523153169884e-05
299.0 -5.427207106695654e-05
