10.0 0.40822622855043716
11.0 0.356993823087755
12.0 0.31331376458220767
13.0 0.2759356859825718
14.0 0.2437832681811425
15.0 0.2160252949720553
16.0 0.1919765288717462
17.0 0.1710879745634126
18.0 0.15288028128802364
19.0 0.13697324650396941
20.0 0.12298919377499364
21.0 0.11071205020235435
22.0 0.09985189608551491
23.0 0.09028092344596708
24.0 0.0817949871584527
25.0 0.07424951876213894
26.0 0.0675265298439436
27.0 0.061521408676581624
28.0 0.05614177443131529
29.0 0.051345721117681584
30.0 0.04702830054404626
31.0 0.04312547001761642
32.0 0.039626404375564396
33.0 0.03645288156292822
34.0 0.03358547823463551
35.0 0.030979188631179176
36.0 0.028621974017148676
37.0 0.02646160602225207
38.0 0.024509599783639723
39.0 0.022723548597021748
40.0 0.021084079760010463
41.0 0.0195851744743191
42.0 0.01821930347499396
43.0 0.016962389212952757
44.0 0.01580517943235069
45.0 0.014739111879576248
46.0 0.013756358022152578
47.0 0.012849819655766525
48.0 0.012012942492833613
49.0 0.011239628144641889
50.0 0.010524315705369467
51.0 0.009861928169042392
52.0 0.009247969650914883
53.0 0.008678230622713043
54.0 0.00814883363737963
55.0 0.007656234203879879
56.0 0.00719729536867633
57.0 0.006769182045990035
58.0 0.006369274357948566
59.0 0.005995183253407036
60.0 0.005644754522825103
61.0 0.005317915843756027
62.0 0.005014537969305855
63.0 0.004729300564881836
64.0 0.0044607320543398575
65.0 0.004207507378839814
66.0 0.003971442080084755
67.0 0.0037510298425423995
68.0 0.003542291186448922
69.0 0.0033443578082384216
70.0 0.003160191484815706
71.0 0.002987087067177698
72.0 0.0028222005584651847
73.0 0.0026664821075367503
74.0 0.0025218553679908894
75.0 0.002383443390573178
76.0 0.002251995338622428
77.0 0.0021301912177244435
78.0 0.0020130687448143714
79.0 0.0019023138252727565
80.0 0.0017987446952895288
81.0 0.001698699744395672
82.0 0.0016055448514444887
83.0 0.0015167376381903781
84.0 0.0014313719247692524
85.0 0.0013523696164875556
86.0 0.001275425714674477
87.0 0.001203869057296261
88.0 0.001135102050680206
89.0 0.0010696065576711298
90.0 0.001007993541927357
91.0 0.0009481099490277005
92.0 0.000892803025861569
93.0 0.0008383017399804443
94.0 0.0007883849298007406
95.0 0.0007392083913036338
96.0 0.0006936636250057651
97.0 0.0006491468005495993
98.0 0.0006076552385300046
99.0 0.0005672814373217478
100.0 0.0005295256435618475
101.0 0.0004928038188592303
102.0 0.0004584345750461405
103.0 0.0004249250443070016
104.0 0.0003937264373463362
105.0 0.0003630908978057456
106.0 0.00033476673361713217
107.0 0.0003066522402690185
108.0 0.00028099213397875494
109.0 0.0002553320276884913
110.0 0.00023193788019897172
111.0 0.00020874412455155537
112.0 0.00018715446818187
113.0 0.0001662037005268855
114.0 0.00014623188920973967
115.0 0.00012737712541235324
116.0 0.00010885496002409836
117.0 9.19167432416913e-05
118.0 7.497852645928425e-05
119.0 5.950824552143429e-05
120.0 4.433079757725817e-05
121.0 2.9868521750730063e-05
122.0 1.6292544904732124e-05
123.0 2.7333526177219985e-06
124.0 -9.348098425490656e-06
125.0 -2.1429549468703312e-05
126.0 -3.279726633410364e-05
127.0 -4.3523591694956435e-05
128.0 -5.424991705580923e-05
129.0 -6.37139179440846e-05
130.0 -7.316769103292993e-05
131.0 -8.215434137140747e-05
132.0 -9.045764615865335e-05
133.0 -9.876095094589921e-05
134.0 -0.00010625463668506994
135.0 -0.00011350355036856873
136.0 -0.00012067955185100538
137.0 -0.00012697394455426665
138.0 -0.00013326833725752787
139.0 -0.00013926726119855196
140.0 -0.00014466777425134824
141.0 -0.0001500682873041445
142.0 -0.00015503749095519424
143.0 -0.00015962303962150403
144.0 -0.00016420858828781383
145.0 -0.0001682948677704636
146.0 -0.00017213672321671444
147.0 -0.00017597857866296528
148.0 -0.00017931150708829546
149.0 -0.00018247991547392238
150.0 -0.0001856483238595493
151.0 -0.0001883399420581259
152.0 -0.00019089799797636793
153.0 -0.0001934560538946099
154.0 -0.00019560185096478984
155.0 -0.00019760768794742947
156.0 -0.00019961352493006913
157.0 -0.00020129231692604004
158.0 -0.00020279549029309426
159.0 -0.00020429866366014843
160.0 -0.00020557983757000343
161.0 -0.00020663193591596325
162.0 -0.00020768403426192302
163.0 -0.0002086257771847675
164.0 -0.0002092689753919335
165.0 -0.0002099121735990995
166.0 -0.0002105553718062655
167.0 -0.00021082855777594442
168.0 -0.00021109515951003646
169.0 -0.00021136176124412852
170.0 -0.00021142412647884428
171.0 -0.00021136589370261433
172.0 -0.00021130766092638438
173.0 -0.00021119145863443783
174.0 -0.00021085346781487524
175.0 -0.00021051547699531265
176.0 -0.00021017748617575003
177.0 -0.00020966222247448024
178.0 -0.000209076839564495
179.0 -0.0002084914566545098
180.0 -0.00020787172669238489
181.0 -0.00020706532622913307
182.0 -0.0002062589257658813
183.0 -0.0002054525253026295
184.0 -0.0002045521017149539
185.0 -0.0002035656843369168
186.0 -0.00020257926695887974
187.0 -0.0002015928495808427
188.0 -0.00020047389593216166
189.0 -0.00019932501792655237
190.0 -0.0001981761399209431
191.0 -0.00019702259518417504
192.0 -0.00019573818699798458
193.0 -0.00019445377881179414
194.0 -0.00019316937062560367
195.0 -0.00019186475440114163
196.0 -0.00019046596455579864
197.0 -0.00018906717471045561
198.0 -0.00018766838486511262
199.0 -0.0001862497702531511
200.0 -0.00018476871276955527
201.0 -0.00018328765528595941
202.0 -0.0001818065978023636
203.0 -0.00018031173646120994
204.0 -0.00017876954032023442
205.0 -0.0001772273441792589
206.0 -0.00017568514803828334
207.0 -0.00017413708401328539
208.0 -0.0001725495647300538
209.0 -0.00017096204544682215
210.0 -0.00016937452616359053
211.0 -0.0001677870068803589
212.0 -0.00016618153498793538
213.0 -0.00016457512627236648
214.0 -0.00016296871755679755
215.0 -0.00016136230884122865
216.0 -0.00015974291835356872
217.0 -0.00015811761110058655
218.0 -0.0001564923038476044
219.0 -0.00015486699659462223
220.0 -0.00015324059114438007
221.0 -0.00015161202809985943
222.0 -0.0001499834650553388
223.0 -0.00014835490201081815
224.0 -0.00014672633896629757
225.0 -0.0001451185609604607
226.0 -0.00014351309691832583
227.0 -0.00014190763287619094
228.0 -0.00014030216883405606
229.0 -0.0001387060313357885
230.0 -0.0001371255916058698
231.0 -0.0001355451518759511
232.0 -0.00013396471214603245
233.0 -0.00013238427241611374
234.0 -0.0001308239089374702
235.0 -0.00012927009127995317
236.0 -0.00012771627362243615
237.0 -0.00012616245596491912
238.0 -0.00012461084053711632
239.0 -0.00012310915869588298
240.0 -0.0001216074768546496
241.0 -0.00012010579501341623
242.0 -0.00011860411317218287
243.0 -0.00011711477500623753
244.0 -0.00011566558065791574
245.0 -0.00011421638630959394
246.0 -0.00011276719196127214
247.0 -0.00011131799761295034
248.0 -0.00010988917661673193
249.0 -0.0001085015335814293
250.0 -0.00010711389054612664
251.0 -0.00010572624751082401
252.0 -0.00010433860447552137
253.0 -0.00010297053064089494
254.0 -0.00010164259511106725
255.0 -0.00010031465958123958
256.0 -9.898672405141189e-05
257.0 -9.76587885215842e-05
258.0 -9.634518447626751e-05
259.0 -9.508139142180884e-05
260.0 -9.381759836735018e-05
261.0 -9.255380531289153e-05
262.0 -9.129001225843286e-05
263.0 -9.002750045097069e-05
264.0 -8.884379091483988e-05
265.0 -8.766008137870904e-05
266.0 -8.647637184257822e-05
267.0 -8.529266230644739e-05
268.0 -8.410895277031658e-05
269.0 -8.297343936228106e-05
270.0 -8.185825169341173e-05
271.0 -8.074306402454242e-05
272.0 -7.96278763556731e-05
273.0 -7.85126886868038e-05
274.0 -7.741662412484983e-05
275.0 -7.636891009027854e-05
276.0 -7.532119605570728e-05
277.0 -7.427348202113599e-05
278.0 -7.322576798656471e-05
279.0 -7.217805395199343e-05
280.0 -7.11833683300806e-05
281.0 -7.02059862663536e-05
282.0 -6.922860420262658e-05
283.0 -6.825122213889957e-05
284.0 -6.727384007517257e-05
285.0 -6.630443564614345e-05
286.0 -6.53977597497088e-05
287.0 -6.449108385327417e-05
288.0 -6.358440795683953e-05
289.0 -6.267773206040487e-05
290.0 -6.177105616397023e-05
291.0 -6.0889763741035224e-05
292.0 -6.0054046070240455e-05
293.0 -5.921832839944569e-05
294.0 -5.8382610728650924e-05
295.0 -5.7546893057856156e-05
296.0 -5.671117538706138e-05
297.0 -5.591102136088769e-05
298.0 -5.5148425816787234e-05
299.0 -5.438583027268678e-05
