10.0 0.43168837569473795
11.0 0.37168319963437046
12.0 0.32175988435799613
13.0 0.2800049341367754
14.0 0.24481725554950132
15.0 0.2150031220995012
16.0 0.18960699610593093
17.0 0.16787542106420003
18.0 0.14918632439342644
19.0 0.13304995506358808
20.0 0.1190072959411125
21.0 0.10679071623771028
22.0 0.0960660119943754
23.0 0.08667928882229493
24.0 0.07840398496088336
25.0 0.07108124498010214
26.0 0.06458330336369986
27.0 0.05879904033706523
28.0 0.05363190615246977
29.0 0.04903655214395917
30.0 0.04490731531153546
31.0 0.04118001481020662
32.0 0.03784249234243504
33.0 0.03481800550822572
34.0 0.03208707383251733
35.0 0.029605885971154367
36.0 0.02736242275167198
37.0 0.025306523667353305
38.0 0.023448956204122576
39.0 0.021749116877402972
40.0 0.020188486313387634
41.0 0.018761292709707073
42.0 0.017460341591913547
43.0 0.016262776022049397
44.0 0.015159798112399031
45.0 0.014143251436421644
46.0 0.013205711731854128
47.0 0.012340505171619921
48.0 0.01154144793732043
49.0 0.010802734529076171
50.0 0.010119083237153893
51.0 0.009485676620844388
52.0 0.008898327992093781
53.0 0.008353052777288952
54.0 0.007846154941233715
55.0 0.007374246073715752
56.0 0.006934374547143081
57.0 0.006523879617224658
58.0 0.0061402737063667836
59.0 0.005781279290937723
60.0 0.005444847421892883
61.0 0.005130911828949441
62.0 0.004839386911951826
63.0 0.004565196485490142
64.0 0.004306938322991853
65.0 0.004063349853306766
66.0 0.003836174103475101
67.0 0.0036239748086231115
68.0 0.0034229451073439603
69.0 0.003232257549429809
70.0 0.003054762602696076
71.0 0.0028878794801201623
72.0 0.002728878524001938
73.0 0.002578669787423582
74.0 0.0024390946575657507
75.0 0.0023054902746937746
76.0 0.0021785809142109416
77.0 0.0020609376651362227
78.0 0.0019477968445483385
79.0 0.0018407815961959879
80.0 0.0017406472258438934
81.0 0.001643902432034754
82.0 0.0015538187553403194
83.0 0.0014679216412080876
84.0 0.0013853384911584222
85.0 0.001308860092514643
86.0 0.001234369374447272
87.0 0.0011651008150414996
88.0 0.0010985138525791023
89.0 0.0010350716855182232
90.0 0.0009753741979395672
91.0 0.000917344752128555
92.0 0.0008637235977032748
93.0 0.0008108801049963325
94.0 0.0007624860988214613
95.0 0.0007148053405456313
96.0 0.0006706237758115778
97.0 0.0006274372862545455
98.0 0.00058717933159363
99.0 0.0005480053290240407
100.0 0.0005113701474794578
101.0 0.00047573010286871404
102.0 0.00044235428475152114
103.0 0.00040981495906106867
104.0 0.0003795241396432777
105.0 0.0003497768701267214
106.0 0.00032226085711603146
107.0 0.0002949481223527279
108.0 0.0002700149435559973
109.0 0.00024508176475926673
110.0 0.00022235275644264408
111.0 0.00019981867566957315
112.0 0.00017883413966962057
113.0 0.0001584667641423473
114.0 0.00013905322242560502
115.0 0.00012072806192785415
116.0 0.00010272598664075358
117.0 8.626255481955488e-05
118.0 6.979912299835616e-05
119.0 5.4762755600405014e-05
120.0 4.0011067910204383e-05
121.0 2.5951178396080978e-05
122.0 1.2748620988536786e-05
123.0 -4.375575686570619e-07
124.0 -1.2181714163507209e-05
125.0 -2.3925870758357358e-05
126.0 -3.4979278414687875e-05
127.0 -4.5411950067735356e-05
128.0 -5.5844621720782823e-05
129.0 -6.50409970004506e-05
130.0 -7.422735536955558e-05
131.0 -8.295962460306665e-05
132.0 -9.102761492824703e-05
133.0 -9.90956052534274e-05
134.0 -0.00010637507410461154
135.0 -0.00011341614932784139
136.0 -0.00012038665597631814
137.0 -0.0001265038915106334
138.0 -0.00013262112704494865
139.0 -0.00013844930065575243
140.0 -0.00014369203910552026
141.0 -0.00014893477755528815
142.0 -0.000153756983170286
143.0 -0.00015820511968859128
144.0 -0.0001626532562068966
145.0 -0.00016661442622096758
146.0 -0.00017033719514309957
147.0 -0.00017405996406523157
148.0 -0.0001772869737520705
149.0 -0.00018035372012860975
150.0 -0.00018342046650514902
151.0 -0.0001860224738158395
152.0 -0.00018849429470264539
153.0 -0.00019096611558945127
154.0 -0.00019303626114747517
155.0 -0.0001949700396767661
156.0 -0.000196903818206057
157.0 -0.0001985180803086615
158.0 -0.00019996076651480416
159.0 -0.00020140345272094679
160.0 -0.00020263035662398057
161.0 -0.0002036346002854674
162.0 -0.0002046388439469542
163.0 -0.00020553589664846329
164.0 -0.00020614296546185465
165.0 -0.00020675003427524598
166.0 -0.00020735710308863732
167.0 -0.00020760046854722137
168.0 -0.0002078373620345321
169.0 -0.00020807425552184282
170.0 -0.000208112571165372
171.0 -0.0002080336301331793
172.0 -0.00020795468910098655
173.0 -0.00020781961826112273
174.0 -0.00020746979752651063
175.0 -0.0002071199767918985
176.0 -0.0002067701560572864
177.0 -0.00020624761313568286
178.0 -0.00020565675100494372
179.0 -0.0002050658888742046
180.0 -0.00020444111747053718
181.0 -0.00020363205482275875
182.0 -0.00020282299217498038
183.0 -0.00020201392952720197
184.0 -0.00020111477315120694
185.0 -0.00020013321682068347
186.0 -0.00019915166049016
187.0 -0.00019817010415963652
188.0 -0.0001970586523693277
189.0 -0.00019591787247069737
190.0 -0.00019477709257206705
191.0 -0.00019363180641889086
192.0 -0.00019236015686619875
193.0 -0.0001910885073135067
194.0 -0.0001898168577608146
195.0 -0.00018852536073774598
196.0 -0.0001871413704144585
197.0 -0.00018575738009117107
198.0 -0.00018437338976788357
199.0 -0.00018297048121632527
200.0 -0.00018150798515374127
201.0 -0.00018004548909115724
202.0 -0.00017858299302857324
203.0 -0.0001771071531945475
204.0 -0.00017558555624172965
205.0 -0.00017406395928891178
206.0 -0.00017254236233609388
207.0 -0.00017101483480507716
208.0 -0.00016944743046439325
209.0 -0.00016788002612370931
210.0 -0.0001663126217830254
211.0 -0.0001647452174423415
212.0 -0.0001631636475912631
213.0 -0.0001615813385396673
214.0 -0.0001599990294880715
215.0 -0.00015841672043647568
216.0 -0.0001568209763585566
217.0 -0.0001552191089334323
218.0 -0.00015361724150830797
219.0 -0.00015201537408318365
220.0 -0.00015041232656854136
221.0 -0.0001488069605684278
222.0 -0.00014720159456831428
223.0 -0.00014559622856820072
224.0 -0.00014399086256808717
225.0 -0.00014240922876932244
226.0 -0.00014083023703696546
227.0 -0.00013925124530460845
228.0 -0.00013767225357225145
229.0 -0.00013610281806157194
230.0 -0.0001345494668964247
231.0 -0.00013299611573127742
232.0 -0.0001314427645661302
233.0 -0.00012988941340098294
234.0 -0.0001283544015589064
235.0 -0.000126825369216028
236.0 -0.0001252963368731496
237.0 -0.00012376730453027122
238.0 -0.00012224056238643204
239.0 -0.00012076574845482495
240.0 -0.00011929093452321783
241.0 -0.00011781612059161075
242.0 -0.00011634130666000365
243.0 -0.00011487832071685819
244.0 -0.00011345380148646862
245.0 -0.00011202928225607909
246.0 -0.00011060476302568952
247.0 -0.00010918024379529997
248.0 -0.0001077760791230472
249.0 -0.00010641305442595227
250.0 -0.00010505002972885735
251.0 -0.00010368700503176243
252.0 -0.0001023239803346675
253.0 -0.00010098004819961799
254.0 -9.967527673788612e-05
255.0 -9.837050527615426e-05
256.0 -9.706573381442239e-05
257.0 -9.576096235269052e-05
258.0 -9.446996210440325e-05
259.0 -9.32268255499619e-05
260.0 -9.198368899552057e-05
261.0 -9.074055244107923e-05
262.0 -8.94974158866379e-05
263.0 -8.825557229449952e-05
264.0 -8.709325151607237e-05
265.0 -8.593093073764521e-05
266.0 -8.476860995921806e-05
267.0 -8.36062891807909e-05
268.0 -8.244396840236373e-05
269.0 -8.132846680066045e-05
270.0 -8.02327102368196e-05
271.0 -7.913695367297876e-05
272.0 -7.804119710913791e-05
273.0 -7.694544054529706e-05
274.0 -7.586872116658027e-05
275.0 -7.484013507209932e-05
276.0 -7.381154897761838e-05
277.0 -7.278296288313745e-05
278.0 -7.175437678865651e-05
279.0 -7.072579069417558e-05
280.0 -6.975023167896962e-05
281.0 -6.879197578685671e-05
282.0 -6.783371989474382e-05
283.0 -6.68754640026309e-05
284.0 -6.5917208110518e-05
285.0 -6.496682928436214e-05
286.0 -6.407838821386308e-05
287.0 -6.318994714336402e-05
288.0 -6.230150607286494e-05
289.0 -6.141306500236588e-05
290.0 -6.052462393186681e-05
291.0 -5.9660847543826755e-05
292.0 -5.884135535470468e-05
293.0 -5.80218631655826e-05
294.0 -5.720237097646053e-05
295.0 -5.6382878787338454e-05
296.0 -5.5563386598216374e-05
297.0 -5.477843736367318e-05
298.0 -5.40299686685722e-05
299.0 -5.328149997347122e-05
