10.0 0.46283354016476763
11.0 0.39574263376666213
12.0 0.34068666073286635
13.0 0.29518560629911916
14.0 0.2572106699734702
15.0 0.22529587370720988
16.0 0.19829280904848468
17.0 0.17530592245184567
18.0 0.15562347730607282
19.0 0.1386859681176859
20.0 0.12398419358065728
21.0 0.11122052228512601
22.0 0.10003234326174316
23.0 0.09025147261430894
24.0 0.08163573373227137
25.0 0.07401612854134172
26.0 0.06725734332467755
27.0 0.061242328327617265
28.0 0.05586971755847275
29.0 0.05109176630821235
30.0 0.04679825099900404
31.0 0.0429223422561716
32.0 0.03945130704320141
33.0 0.03630533215310839
34.0 0.03346420259821045
35.0 0.030882422650470885
36.0 0.028547506456346565
37.0 0.02640739116625497
38.0 0.02447334501177182
39.0 0.02270315082059964
40.0 0.021077592782584614
41.0 0.019590718002315106
42.0 0.018235082010594234
43.0 0.016986960992671607
44.0 0.01583721618135667
45.0 0.01477735187024633
46.0 0.013799656808976763
47.0 0.012897244416945234
48.0 0.012063710560170714
49.0 0.011292993729504472
50.0 0.01057958709304687
51.0 0.009918472167476959
52.0 0.009305355651350999
53.0 0.00873609446404357
54.0 0.008206821879487248
55.0 0.007713985244647293
56.0 0.007254531419689558
57.0 0.00682571445406366
58.0 0.006424941902063457
59.0 0.006049832422936976
60.0 0.005698248087297526
61.0 0.005370116480870567
62.0 0.00506537418400846
63.0 0.004778723609395681
64.0 0.004508701313193806
65.0 0.004253990146638995
66.0 0.00401641198279188
67.0 0.0037944670662730896
68.0 0.0035841794884334576
69.0 0.003384687068766456
70.0 0.003198975364986034
71.0 0.0030243551627650257
72.0 0.0028579706862584403
73.0 0.002700770273065684
74.0 0.0025546709526151675
75.0 0.0024148146676324883
76.0 0.0022819622176160547
77.0 0.0021587962207873144
78.0 0.0020403396605582686
79.0 0.0019282914777422379
80.0 0.0018234111821103798
81.0 0.001722074624847101
82.0 0.0016277312840453423
83.0 0.0015377668526999613
84.0 0.0014512686417785293
85.0 0.001371133369240946
86.0 0.001293081217799399
87.0 0.0012205194526116138
88.0 0.001150756552175155
89.0 0.0010842759708885549
90.0 0.0010217143601906754
91.0 0.0009608984280372981
92.0 0.0009046884143232487
93.0 0.0008492922837580907
94.0 0.000798572597484651
95.0 0.0007485975680616135
96.0 0.0007022758244670638
97.0 0.0006569969757809826
98.0 0.0006147873968374914
99.0 0.0005737155731913399
100.0 0.0005353085878653632
101.0 0.0004979393370538215
102.0 0.0004629312346440288
103.0 0.0004288034949122952
104.0 0.00039704218545602284
105.0 0.00036584891467798136
106.0 0.0003369874261217888
107.0 0.000308339073575842
108.0 0.00028218567103754813
109.0 0.0002560322684992542
110.0 0.0002321954336967786
111.0 0.00020856346637723576
112.0 0.00018654969681087345
113.0 0.00016518043117080415
114.0 0.00014481406009484192
115.0 0.00012559205148134582
116.0 0.00010670877122409236
117.0 8.94386324999946e-05
118.0 7.216849377589687e-05
119.0 5.6396329925254055e-05
120.0 4.0922991441038864e-05
121.0 2.6172914088281067e-05
122.0 1.231916027450005e-05
123.0 -1.5173479289870423e-06
124.0 -1.383552314414287e-05
125.0 -2.61536983592987e-05
126.0 -3.7750350213748913e-05
127.0 -4.869861087680679e-05
128.0 -5.9646871539864655e-05
129.0 -6.929176310649549e-05
130.0 -7.892609431563412e-05
131.0 -8.808465295240114e-05
132.0 -9.654721236739568e-05
133.0 -0.0001050097717823902
134.0 -0.00011264372848077795
135.0 -0.00012002717379265446
136.0 -0.00012733684772480344
137.0 -0.0001337545242261762
138.0 -0.00014017220072754896
139.0 -0.00014628539883883792
140.0 -0.00015178193892348256
141.0 -0.0001572784790081272
142.0 -0.0001623337854641473
143.0 -0.00016699660921431583
144.0 -0.0001716594329644844
145.0 -0.00017581097939454096
146.0 -0.00017971222304126753
147.0 -0.0001836134666879941
148.0 -0.0001869944502846833
149.0 -0.0001902072502311247
150.0 -0.0001934200501775661
151.0 -0.0001961446759547986
152.0 -0.00019873255047957064
153.0 -0.00020132042500434268
154.0 -0.00020348655803953088
155.0 -0.0002055095116715868
156.0 -0.0002075324653036427
157.0 -0.00020921919976996502
158.0 -0.00021072538920025697
159.0 -0.00021223157863054895
160.0 -0.0002135115266057412
161.0 -0.00021455802180786232
162.0 -0.00021560451700998345
163.0 -0.00021653884887849325
164.0 -0.00021716974508795484
165.0 -0.00021780064129741644
166.0 -0.00021843153750687803
167.0 -0.00021867897694283878
168.0 -0.00021891959290249707
169.0 -0.00021916020886215542
170.0 -0.00021919282945880925
171.0 -0.00021910263250257282
172.0 -0.00021901243554633642
173.0 -0.0002188634407696499
174.0 -0.0002184894884120099
175.0 -0.0002181155360543699
176.0 -0.0002177415836967299
177.0 -0.00021718625534548317
178.0 -0.00021655918482459832
179.0 -0.00021593211430371347
180.0 -0.0002152691125184527
181.0 -0.0002144108303027231
182.0 -0.00021355254808699345
183.0 -0.00021269426587126384
184.0 -0.0002117424250035592
185.0 -0.00021070501515318415
186.0 -0.00020966760530280907
187.0 -0.000208630195452434
188.0 -0.0002074556228702632
189.0 -0.00020625008135767382
190.0 -0.00020504453984508442
191.0 -0.00020383431055287724
192.0 -0.0002024926275749846
193.0 -0.000201150944597092
194.0 -0.00019980926161919938
195.0 -0.00019844665076544266
196.0 -0.00019698651169934865
197.0 -0.00019552637263325464
198.0 -0.00019406623356716066
199.0 -0.0001925864440744636
200.0 -0.0001910447608359513
201.0 -0.00018950307759743907
202.0 -0.00018796139435892678
203.0 -0.00018640572556999303
204.0 -0.00018480209893834558
205.0 -0.00018319847230669815
206.0 -0.0001815948456750507
207.0 -0.00017998479075112365
208.0 -0.00017833151242146393
209.0 -0.0001766782340918042
210.0 -0.00017502495576214447
211.0 -0.00017337167743248477
212.0 -0.000171705340452633
213.0 -0.00017003832203168164
214.0 -0.0001683713036107303
215.0 -0.00016670428518977896
216.0 -0.00016502278946957556
217.0 -0.00016333469536037156
218.0 -0.00016164660125116752
219.0 -0.00015995850714196352
220.0 -0.0001582691414397391
221.0 -0.00015657727747793492
222.0 -0.0001548854135161308
223.0 -0.00015319354955432661
224.0 -0.0001515016855925225
225.0 -0.0001498360455527466
226.0 -0.00014817332497848724
227.0 -0.0001465106044042279
228.0 -0.00014484788382996853
229.0 -0.00014319541549995767
230.0 -0.00014156020301064827
231.0 -0.00013992499052133884
232.0 -0.00013828977803202942
233.0 -0.00013665456554272005
234.0 -0.00013503802086511536
235.0 -0.00013342756278976367
236.0 -0.00013181710471441192
237.0 -0.00013020664663906023
238.0 -0.00012859866755385803
239.0 -0.00012704689735024317
240.0 -0.00012549512714662829
241.0 -0.00012394335694301342
242.0 -0.00012239158673939854
243.0 -0.00012085197162128428
244.0 -0.000119351886993413
245.0 -0.0001178518023655417
246.0 -0.00011635171773767042
247.0 -0.00011485163310979913
248.0 -0.00011337316357456942
249.0 -0.000111938381766105
250.0 -0.0001105035999576406
251.0 -0.00010906881814917618
252.0 -0.00010763403634071178
253.0 -0.00010621940147764679
254.0 -0.00010484608992914054
255.0 -0.00010347277838063428
256.0 -0.00010209946683212803
257.0 -0.00010072615528362179
258.0 -9.936718308830713e-05
259.0 -9.805804923250211e-05
260.0 -9.674891537669708e-05
261.0 -9.543978152089207e-05
262.0 -9.413064766508706e-05
263.0 -9.282288480738754e-05
264.0 -9.159944430517536e-05
265.0 -9.037600380296318e-05
266.0 -8.9152563300751e-05
267.0 -8.792912279853883e-05
268.0 -8.670568229632665e-05
269.0 -8.553115291533705e-05
270.0 -8.43772508073585e-05
271.0 -8.322334869937994e-05
272.0 -8.206944659140138e-05
273.0 -8.091554448342282e-05
274.0 -7.978190108617188e-05
275.0 -7.869947945702111e-05
276.0 -7.761705782787033e-05
277.0 -7.653463619871956e-05
278.0 -7.545221456956879e-05
279.0 -7.436979294041802e-05
280.0 -7.334360876003092e-05
281.0 -7.233577526973843e-05
282.0 -7.132794177944595e-05
283.0 -7.032010828915346e-05
284.0 -6.931227479886098e-05
285.0 -6.831275424337326e-05
286.0 -6.737859870165273e-05
287.0 -6.644444315993222e-05
288.0 -6.551028761821169e-05
289.0 -6.457613207649117e-05
290.0 -6.364197653477065e-05
291.0 -6.273366409744836e-05
292.0 -6.187175165646627e-05
293.0 -6.100983921548417e-05
294.0 -6.0147926774502084e-05
295.0 -5.928601433351999e-05
296.0 -5.84241018925379e-05
297.0 -5.759826580275501e-05
298.0 -5.6810529660382475e-05
299.0 -5.602279351800995e-05
