10.0 0.538611434743072
11.0 0.45944973089961005
12.0 0.3927682764764337
13.0 0.3401700803648827
14.0 0.29551069408996783
15.0 0.2585170764458272
16.0 0.2280301516688126
17.0 0.20121719768649007
18.0 0.1787469893020054
19.0 0.1592829089179625
20.0 0.142423607183179
21.0 0.12780279995359894
22.0 0.11498354124896656
23.0 0.10377325511128929
24.0 0.09389669439380839
25.0 0.08516088499732417
26.0 0.07740976311284256
27.0 0.07050992636123884
28.0 0.06434497455089795
29.0 0.058860305165869105
30.0 0.05392983816437356
31.0 0.04947764676577331
32.0 0.04548967392444461
33.0 0.041873736561349274
34.0 0.038607082042063784
35.0 0.035637616724471105
36.0 0.03295141177916486
37.0 0.030488392268980334
38.0 0.0282621750325588
39.0 0.026223845977626427
40.0 0.024351529548005308
41.0 0.02263845076705999
42.0 0.02107620561493082
43.0 0.019637499000907856
44.0 0.018311981822298106
45.0 0.0170897475690934
46.0 0.01596178718587137
47.0 0.014920593095179069
48.0 0.013958734366436788
49.0 0.013069185002013907
50.0 0.012245555740237403
51.0 0.011481931295020367
52.0 0.010773743963532438
53.0 0.010116182121287946
54.0 0.009504687258106805
55.0 0.008935078130438716
56.0 0.00840389155790425
57.0 0.007908144378592843
58.0 0.007444761584804821
59.0 0.007010945021758876
60.0 0.006604302578367377
61.0 0.0062245997755616895
62.0 0.005872007349418929
63.0 0.005540272946793967
64.0 0.0052277287044527904
65.0 0.0049328716838369655
66.0 0.004657783633014826
67.0 0.004400791900964143
68.0 0.004157242966300232
69.0 0.003926140611848304
70.0 0.003710998398149242
71.0 0.0035086790400703574
72.0 0.003315890893607651
73.0 0.003133740676116338
74.0 0.00296434754694605
75.0 0.002802204570469929
76.0 0.0026482222802221354
77.0 0.0025053703856736335
78.0 0.002368011942125524
79.0 0.0022381634179401227
80.0 0.0021164396635835084
81.0 0.0019988074452356548
82.0 0.0018894192726973055
83.0 0.0017850901642036468
84.0 0.0016847656671988675
85.0 0.001591690522543749
86.0 0.0015010479325265856
87.0 0.0014169072399211162
88.0 0.0013359547111709107
89.0 0.0012587410452114351
90.0 0.0011861219067838423
91.0 0.001115549369103296
92.0 0.0010502518842562378
93.0 0.0009858936128065102
94.0 0.0009270346628842373
95.0 0.000869027702309856
96.0 0.0008152006006986937
97.0 0.0007625853427143886
98.0 0.0007135365754152522
99.0 0.0006658192078766598
100.0 0.000621220230654214
101.0 0.0005778058656214081
102.0 0.0005370868384995551
103.0 0.00049740801696137
104.0 0.000460525286224447
105.0 0.0004242948890029278
106.0 0.00039074230185355324
107.0 0.00035743797985669383
108.0 0.00032703982628934196
109.0 0.0002966416727219901
110.0 0.00026894977239158823
111.0 0.00024149720168676144
112.0 0.00021590527094778625
113.0 0.0001910544052368968
114.0 0.00016737739944925752
115.0 0.0001450398377870903
116.0 0.00012309288981629434
117.0 0.0001030061792816549
118.0 8.291946874701546e-05
119.0 6.458558595461216e-05
120.0 4.660136816770397e-05
121.0 2.945169768602252e-05
122.0 1.3336265547216038e-05
123.0 -2.758866103342926e-06
124.0 -1.7066708092352828e-05
125.0 -3.137455008136273e-05
126.0 -4.485405945908073e-05
127.0 -5.758919436750997e-05
128.0 -7.03243292759392e-05
129.0 -8.153111188731746e-05
130.0 -9.272551124772318e-05
131.0 -0.00010337181316701537
132.0 -0.00011321631310228614
133.0 -0.0001230608130375569
134.0 -0.00013193246508723906
135.0 -0.000140509996121145
136.0 -0.00014900200647547906
137.0 -0.00015645995420636539
138.0 -0.00016391790193725177
139.0 -0.00017101982299072175
140.0 -0.00017740068561942834
141.0 -0.0001837815482481349
142.0 -0.000189652153611459
143.0 -0.0001950688789003608
144.0 -0.00020048560418926264
145.0 -0.0002053073757559645
146.0 -0.00020983787961576596
147.0 -0.0002143683834755674
148.0 -0.0002182934620798844
149.0 -0.00022202282581158667
150.0 -0.00022575218954328893
151.0 -0.00022891207181876446
152.0 -0.0002319124263942836
153.0 -0.0002349127809698027
154.0 -0.0002374215058667469
155.0 -0.00023976332462407953
156.0 -0.00024210514338141213
157.0 -0.00024405511780516075
158.0 -0.0002457946772480416
159.0 -0.00024753423669092244
160.0 -0.00024900954680356343
161.0 -0.00025021218478854567
162.0 -0.00025141482277352795
163.0 -0.0002524876298615233
164.0 -0.00025320920520092825
165.0 -0.0002539307805403332
166.0 -0.0002546523558797382
167.0 -0.0002549298586027466
168.0 -0.00025519945921218207
169.0 -0.0002554690598216176
170.0 -0.0002554980707370855
171.0 -0.00025538501772845017
172.0 -0.0002552719647198149
173.0 -0.0002550896222940555
174.0 -0.00025464218195237696
175.0 -0.0002541947416106983
176.0 -0.00025374730126901974
177.0 -0.00025308928013290924
178.0 -0.00025234796504606
179.0 -0.0002516066499592107
180.0 -0.00025082332267289335
181.0 -0.00024981166608785594
182.0 -0.00024880000950281854
183.0 -0.0002477883529177811
184.0 -0.00024666792765659716
185.0 -0.0002454480222856875
186.0 -0.0002442281169147778
187.0 -0.00024300821154386813
188.0 -0.00024162760789723774
189.0 -0.00024021072140865732
190.0 -0.00023879383492007687
191.0 -0.00023737160798602798
192.0 -0.0002357996254539633
193.0 -0.00023422764292189865
194.0 -0.00023265566038983398
195.0 -0.00023105954154036443
196.0 -0.00022935094248008968
197.0 -0.0002276423434198149
198.0 -0.00022593374435954014
199.0 -0.00022420219489630301
200.0 -0.00022239835761784412
201.0 -0.00022059452033938517
202.0 -0.00021879068306092625
203.0 -0.000216970415399025
204.0 -0.00021509380631893805
205.0 -0.00021321719723885115
206.0 -0.0002113405881587642
207.0 -0.0002094564671953323
208.0 -0.00020752183683258967
209.0 -0.00020558720646984702
210.0 -0.00020365257610710443
211.0 -0.0002017179457443618
212.0 -0.0001997659524834756
213.0 -0.00019781305317240598
214.0 -0.00019586015386133636
215.0 -0.00019390725455026671
216.0 -0.000191939526526883
217.0 -0.0001899650399492605
218.0 -0.00018799055337163798
219.0 -0.00018601606679401547
220.0 -0.0001840410799465582
221.0 -0.0001820651102343895
222.0 -0.00018008914052222076
223.0 -0.00017811317081005204
224.0 -0.00017613720109788334
225.0 -0.0001741890327462341
226.0 -0.0001722439594736986
227.0 -0.00017029888620116309
228.0 -0.00016835381292862754
229.0 -0.00016642111727058965
230.0 -0.00016450925472370848
231.0 -0.00016259739217682728
232.0 -0.0001606855296299461
233.0 -0.0001587736670830649
234.0 -0.00015688664689272576
235.0 -0.00015500772650249648
236.0 -0.00015312880611226723
237.0 -0.00015124988572203798
238.0 -0.00014937377230773375
239.0 -0.00014756130455874998
240.0 -0.0001457488368097662
241.0 -0.0001439363690607824
242.0 -0.0001421239013117986
243.0 -0.00014032554824252542
244.0 -0.00013857309861083414
245.0 -0.0001368206489791429
246.0 -0.00013506819934745167
247.0 -0.0001333157497157604
248.0 -0.00013158823430774842
249.0 -0.00012991111514689893
250.0 -0.0001282339959860494
251.0 -0.00012655687682519988
252.0 -0.00012487975766435036
253.0 -0.00012322672878841226
254.0 -0.0001216231113940396
255.0 -0.00012001949399966696
256.0 -0.00011841587660529429
257.0 -0.00011681225921092165
258.0 -0.00011522566305180334
259.0 -0.00011369822647193145
260.0 -0.00011217078989205955
261.0 -0.00011064335331218766
262.0 -0.00010911591673231575
263.0 -0.0001075900200475493
264.0 -0.00010615883361947436
265.0 -0.00010472764719139942
266.0 -0.00010329646076332446
267.0 -0.00010186527433524952
268.0 -0.00010043408790717455
269.0 -9.906082478610027e-05
270.0 -9.771198964453944e-05
271.0 -9.636315450297859e-05
272.0 -9.501431936141775e-05
273.0 -9.36654842198569e-05
274.0 -9.234094068555885e-05
275.0 -9.107781562407118e-05
276.0 -8.981469056258351e-05
277.0 -8.85515655010958e-05
278.0 -8.728844043960813e-05
279.0 -8.602531537812046e-05
280.0 -8.48281593964033e-05
281.0 -8.365252960702432e-05
282.0 -8.247689981764535e-05
283.0 -8.130127002826636e-05
284.0 -8.012564023888739e-05
285.0 -7.8959770241484e-05
286.0 -7.7870641966689e-05
287.0 -7.678151369189398e-05
288.0 -7.569238541709897e-05
289.0 -7.460325714230397e-05
290.0 -7.351412886750896e-05
291.0 -7.245512616341966e-05
292.0 -7.14502124088989e-05
293.0 -7.044529865437815e-05
294.0 -6.944038489985739e-05
295.0 -6.843547114533663e-05
296.0 -6.743055739081587e-05
297.0 -6.646698691756171e-05
298.0 -6.554707875464853e-05
299.0 -6.462717059173532e-05
