10.0 0.4481527617586654
11.0 0.38598922393110324
12.0 0.33423223159099036
13.0 0.290915878731081
14.0 0.2543954220802154
15.0 0.22343992143878225
16.0 0.1970630896483002
17.0 0.17448755321738318
18.0 0.1550687609460541
19.0 0.13830007927901553
20.0 0.12370557361143404
21.0 0.11100784438406507
22.0 0.09986008644031295
23.0 0.09010264593029577
24.0 0.08150025911210654
25.0 0.07388792975238855
26.0 0.06713293316533599
27.0 0.06111980565360605
28.0 0.055748213517330725
29.0 0.050971034690959885
30.0 0.04667843735744342
31.0 0.04280370012994753
32.0 0.03933418514390284
33.0 0.03619011520969391
34.0 0.03335123405248856
35.0 0.030771993519309884
36.0 0.028439898710058146
37.0 0.026302799952289145
38.0 0.024371883758625437
39.0 0.0226049436176872
40.0 0.020982724943756022
41.0 0.019499224358825302
42.0 0.018146961289089842
43.0 0.016902171857811978
44.0 0.01575570977407795
45.0 0.014699097779206664
46.0 0.013724617914192341
47.0 0.012825328193330083
48.0 0.011994798411965688
49.0 0.011226995887076995
50.0 0.010516430928649042
51.0 0.009858097032711484
52.0 0.009247636479019395
53.0 0.008680907527774478
54.0 0.008154069638683425
55.0 0.007663602863412847
56.0 0.00720643733375618
57.0 0.006779805241773665
58.0 0.006381121213206181
59.0 0.006008018653872048
60.0 0.005658367913451713
61.0 0.0053321006689550435
62.0 0.005029125780056157
63.0 0.004744167643480566
64.0 0.004475768900510339
65.0 0.004222617253190633
66.0 0.003986524113652955
67.0 0.003765996699759296
68.0 0.0035570786375441602
69.0 0.003358909834751741
70.0 0.0031744522155121913
71.0 0.0030010231323863027
72.0 0.0028357859403179294
73.0 0.0026796866404541
74.0 0.0025346397167526824
75.0 0.002395797848326931
76.0 0.0022639134370934237
77.0 0.0021416592874305964
78.0 0.002024084052222064
79.0 0.001912874306235667
80.0 0.0018088179300305492
81.0 0.001708284284615423
82.0 0.0016146709707049384
83.0 0.001525408568176098
84.0 0.0014395902235900127
85.0 0.0013601181771755475
86.0 0.001282711491147586
87.0 0.00121072956349738
88.0 0.0011415350936224069
89.0 0.0010756095655677673
90.0 0.0010135752937087573
91.0 0.0009532743552081093
92.0 0.0008975553342033291
93.0 0.0008426444910235713
94.0 0.0007923560948869437
95.0 0.0007428090890283354
96.0 0.0006968993431970872
97.0 0.000652023599377978
98.0 0.0006101909532515174
99.0 0.0005694845225932895
100.0 0.0005314159017906047
101.0 0.0004943817624040584
102.0 0.0004597013696727288
103.0 0.00042588990032061953
104.0 0.00039441411220862883
105.0 0.00036350327669788514
106.0 0.00033491155515289774
107.0 0.0003065310605430703
108.0 0.0002806231684882299
109.0 0.00025471527643338945
110.0 0.00023109735629918768
111.0 0.0002076819516261632
112.0 0.00018587718810992343
113.0 0.0001647139188408215
114.0 0.00014454158431132877
115.0 0.00012549996537183642
116.0 0.00010679409222338004
117.0 8.96871566014718e-05
118.0 7.258022097956359e-05
119.0 5.695599956648639e-05
120.0 4.1627559227319623e-05
121.0 2.7018131527785074e-05
122.0 1.3299762293435254e-05
123.0 -4.015930427358795e-07
124.0 -1.2605015720999849e-05
125.0 -2.4808438399263818e-05
126.0 -3.6293869076072575e-05
127.0 -4.713408198920637e-05
128.0 -5.797429490234017e-05
129.0 -6.753031417572444e-05
130.0 -7.707592845794992e-05
131.0 -8.614963186769047e-05
132.0 -9.453298526763905e-05
133.0 -0.00010291633866758763
134.0 -0.00011048049008083244
135.0 -0.00011779697222941166
136.0 -0.00012504011119368957
137.0 -0.00013139643019874505
138.0 -0.00013775274920380058
139.0 -0.00014380878613657545
140.0 -0.00014925666381680617
141.0 -0.00015470454149703685
142.0 -0.00015971542535557295
143.0 -0.00016433759786834478
144.0 -0.00016895977038111659
145.0 -0.00017307596757509412
146.0 -0.00017694445765277956
147.0 -0.000180812947730465
148.0 -0.00018416630537349983
149.0 -0.00018735313696246925
150.0 -0.0001905399685514387
151.0 -0.00019324393923856857
152.0 -0.00019581264706818646
153.0 -0.0001983813548978044
154.0 -0.00020053270276296068
155.0 -0.00020254235873372483
156.0 -0.00020455201470448894
157.0 -0.00020622972244597383
158.0 -0.00020772917858516033
159.0 -0.00020922863472434684
160.0 -0.00021050387286839688
161.0 -0.0002115477461959769
162.0 -0.00021259161952355692
163.0 -0.0002135240941317927
164.0 -0.0002141552015932701
165.0 -0.00021478630905474755
166.0 -0.00021541741651622494
167.0 -0.00021567068831024599
168.0 -0.00021591723665353868
169.0 -0.00021616378499683136
170.0 -0.00021620396913366337
171.0 -0.0002161222988864575
172.0 -0.00021604062863925168
173.0 -0.00021590063590925382
174.0 -0.00021553750421689872
175.0 -0.00021517437252454365
176.0 -0.00021481124083218856
177.0 -0.00021426863912509816
178.0 -0.00021365504914670424
179.0 -0.0002130414591683103
180.0 -0.00021239265342459318
181.0 -0.00021155245586845187
182.0 -0.00021071225831231059
183.0 -0.00020987206075616933
184.0 -0.0002089381980777895
185.0 -0.00020791866903876365
186.0 -0.0002068991399997378
187.0 -0.0002058796109607119
188.0 -0.0002047251650938172
189.0 -0.00020354025738207683
190.0 -0.00020235534967033648
191.0 -0.00020116575692131515
192.0 -0.0001998447873866163
193.0 -0.00019852381785191747
194.0 -0.0001972028483172186
195.0 -0.0001958612601152172
196.0 -0.00019442358467646715
197.0 -0.00019298590923771708
198.0 -0.00019154823379896702
199.0 -0.00019009089222447788
200.0 -0.00018857160742447046
201.0 -0.000187052322624463
202.0 -0.00018553303782445558
203.0 -0.00018399988714839634
204.0 -0.00018241918900493398
205.0 -0.0001808384908614716
206.0 -0.00017925779271800923
207.0 -0.00017767094284478385
208.0 -0.00017604272915362073
209.0 -0.00017441451546245764
210.0 -0.00017278630177129455
211.0 -0.00017115808808013146
212.0 -0.00016951507831344535
213.0 -0.00016787129644138654
214.0 -0.00016622751456932776
215.0 -0.00016458373269726893
216.0 -0.00016292600052007634
217.0 -0.0001612619101445522
218.0 -0.00015959781976902803
219.0 -0.0001579337293935039
220.0 -0.00015626840852816915
221.0 -0.00015460067015746304
222.0 -0.00015293293178675696
223.0 -0.00015126519341605082
224.0 -0.00014959745504534473
225.0 -0.00014795433460721764
226.0 -0.00014631395484247938
227.0 -0.0001446735750777411
228.0 -0.00014303319531300284
229.0 -0.0001414027320506877
230.0 -0.00013978895953256287
231.0 -0.0001381751870144381
232.0 -0.00013656141449631333
233.0 -0.00013494764197818853
234.0 -0.00013335293803669088
235.0 -0.00013176445136603863
236.0 -0.0001301759646953864
237.0 -0.00012858747802473416
238.0 -0.0001270013678190789
239.0 -0.0001254691418289924
240.0 -0.00012393691583890593
241.0 -0.00012240468984881948
242.0 -0.00012087246385873302
243.0 -0.00011935254125601644
244.0 -0.00011787263144748017
245.0 -0.0001163927216389439
246.0 -0.00011491281183040765
247.0 -0.00011343290202187139
248.0 -0.0001119741308503225
249.0 -0.0001105580844087671
250.0 -0.00010914203796721174
251.0 -0.00010772599152565636
252.0 -0.00010630994508410096
253.0 -0.00010491372869904246
254.0 -0.00010355818565905402
255.0 -0.00010220264261906558
256.0 -0.00010084709957907714
257.0 -9.94915565390887e-05
258.0 -9.815032611775718e-05
259.0 -9.685884111648501e-05
260.0 -9.556735611521287e-05
261.0 -9.427587111394071e-05
262.0 -9.298438611266856e-05
263.0 -9.16942442582806e-05
264.0 -9.04867117879508e-05
265.0 -8.927917931762102e-05
266.0 -8.807164684729123e-05
267.0 -8.686411437696143e-05
268.0 -8.565658190663165e-05
269.0 -8.449770359957436e-05
270.0 -8.33593441987261e-05
271.0 -8.222098479787784e-05
272.0 -8.10826253970296e-05
273.0 -7.994426599618135e-05
274.0 -7.882567095835706e-05
275.0 -7.775704778858866e-05
276.0 -7.668842461882024e-05
277.0 -7.561980144905184e-05
278.0 -7.455117827928342e-05
279.0 -7.348255510951502e-05
280.0 -7.246900285792878e-05
281.0 -7.14734206489921e-05
282.0 -7.047783844005544e-05
283.0 -6.948225623111876e-05
284.0 -6.84866740221821e-05
285.0 -6.749927416138519e-05
286.0 -6.657621250500889e-05
287.0 -6.565315084863258e-05
288.0 -6.473008919225627e-05
289.0 -6.380702753587997e-05
290.0 -6.288396587950366e-05
291.0 -6.198653381981016e-05
292.0 -6.113511841407418e-05
293.0 -6.028370300833819e-05
294.0 -5.9432287602602205e-05
295.0 -5.8580872196866215e-05
296.0 -5.772945679113024e-05
297.0 -5.6913945132585356e-05
298.0 -5.613635113573144e-05
299.0 -5.5358757138877515e-05
