10.0 0.04206425013659683
11.0 0.01715223958034757
12.0 -0.001865910180666896
13.0 -0.016347569855595722
14.0 -0.027073298698908812
15.0 -0.034897269832415825
16.0 -0.040464799899467406
17.0 -0.04418435192765826
18.0 -0.04654697670055315
19.0 -0.04783539036596585
20.0 -0.04833635250065713
21.0 -0.04822466197978761
22.0 -0.047674163707114726
23.0 -0.046786663851910465
24.0 -0.045667637780287096
25.0 -0.04438975837760496
26.0 -0.04300761857106067
27.0 -0.04156381164009703
28.0 -0.04009003839989126
29.0 -0.038610769526597886
30.0 -0.037144540916559964
31.0 -0.03570286477785459
32.0 -0.034298232467529735
33.0 -0.032933888756268064
34.0 -0.03161602853518504
35.0 -0.030345720354188872
36.0 -0.029127108445165396
37.0 -0.02795467676385599
38.0 -0.026837049807573073
39.0 -0.02576674861470901
40.0 -0.02474181769700133
41.0 -0.023763936136266674
42.0 -0.02283346780680983
43.0 -0.02194465516506436
44.0 -0.02109608162619913
45.0 -0.02028612645858588
46.0 -0.019513231381029256
47.0 -0.018776058934852548
48.0 -0.01807310326728576
49.0 -0.017402611388020243
50.0 -0.016763030999812106
51.0 -0.016152498890157043
52.0 -0.015570060819643995
53.0 -0.015014128897172001
54.0 -0.014483173886662919
55.0 -0.013975672217621651
56.0 -0.013490397323359077
57.0 -0.013026185828627775
58.0 -0.012581774768201534
59.0 -0.01215593391252312
60.0 -0.011747527819710338
61.0 -0.011356757338661925
62.0 -0.010984384116558337
63.0 -0.01062638815686655
64.0 -0.010281772161155186
65.0 -0.009949607146131067
66.0 -0.009631406657921233
67.0 -0.009326277566522911
68.0 -0.009030767371702024
69.0 -0.008744132647209604
70.0 -0.008468617644241623
71.0 -0.00820201548995393
72.0 -0.007941813672661753
73.0 -0.007688544717340384
74.0 -0.00744345083170518
75.0 -0.007202782121084272
76.0 -0.006966967859747719
77.0 -0.006737911079746548
78.0 -0.006512263788304533
79.0 -0.006291252826355637
80.0 -0.006076377054667708
81.0 -0.005864944917281814
82.0 -0.005661145526696033
83.0 -0.0054641191675684556
84.0 -0.0052722400995319305
85.0 -0.005094043439355373
86.0 -0.004921197997340438
87.0 -0.004763487186304544
88.0 -0.004615887110709703
89.0 -0.00447964772675397
90.0 -0.004359052378265374
91.0 -0.004245076159357728
92.0 -0.004148918891649733
93.0 -0.004055614399721944
94.0 -0.003975945360122487
95.0 -0.003897502771520029
96.0 -0.003824615386484556
97.0 -0.0037515683259772108
98.0 -0.003678079241250716
99.0 -0.003602838270266209
100.0 -0.0035237198134757445
101.0 -0.0034424315016636374
102.0 -0.0033564801092285626
103.0 -0.0032694569886157067
104.0 -0.003179727083626575
105.0 -0.0030903280537503547
106.0 -0.0030021840985282656
107.0 -0.0029147279501278156
108.0 -0.002834084414110875
109.0 -0.002753440878093934
110.0 -0.0026838271177155636
111.0 -0.0026150179634605955
112.0 -0.002556029126875598
113.0 -0.002500696625253405
114.0 -0.0024514553625215067
115.0 -0.002408790215651411
116.0 -0.0023679904098883294
117.0 -0.002335267281639962
118.0 -0.002302544153391595
119.0 -0.0022753391930144342
120.0 -0.002249122906475002
121.0 -0.002224359150046773
122.0 -0.0022012921292072153
123.0 -0.0021782404801994762
124.0 -0.002155760551979043
125.0 -0.002133280623758609
126.0 -0.0021101791091506948
127.0 -0.0020865522295272303
128.0 -0.0020629111693804022
129.0 -0.002037399901163121
130.0 -0.0020118886329458406
131.0 -0.0019855266504366785
132.0 -0.001957999018777976
133.0 -0.0019304713871192728
134.0 -0.0019016531684679324
135.0 -0.0018724794895385618
136.0 -0.0018432023259061852
137.0 -0.001812914842319678
138.0 -0.001782627358733171
139.0 -0.0017521736271689495
140.0 -0.0017214076014797986
141.0 -0.0016906415757906475
142.0 -0.0016599180555521096
143.0 -0.001629229816510254
144.0 -0.001598541577468398
145.0 -0.0015682510770911315
146.0 -0.00153814020454228
147.0 -0.0015080293319934285
148.0 -0.0014786747178403053
149.0 -0.0014495414213254617
150.0 -0.0014204081248106177
151.0 -0.0013922914066539405
152.0 -0.0013644297317327485
153.0 -0.0013365680568115568
154.0 -0.0013098170889589821
155.0 -0.0012834069746266866
156.0 -0.001256996860294391
157.0 -0.0012316342357994025
158.0 -0.0012067883982539932
159.0 -0.0011819425607085838
160.0 -0.0011579190500092423
161.0 -0.0011346807372687947
162.0 -0.0011114424245283476
163.0 -0.0010886655985242438
164.0 -0.0010670204467208894
165.0 -0.001045375294917535
166.0 -0.0010237343427160794
167.0 -0.001003644631551126
168.0 -0.0009835549203861729
169.0 -0.0009634652092212196
170.0 -0.0009443483974167161
171.0 -0.00092575699577879
172.0 -0.0009071655941408637
173.0 -0.000888900263185574
174.0 -0.0008717376161167425
175.0 -0.0008545749690479111
176.0 -0.0008374123219790796
177.0 -0.000821231200858892
178.0 -0.0008053985382843834
179.0 -0.0007895658757098749
180.0 -0.0007739584502804561
181.0 -0.000759396385239102
182.0 -0.000744834320197748
183.0 -0.000730272255156394
184.0 -0.000716372904975181
185.0 -0.0007030277062044771
186.0 -0.0006896825074337732
187.0 -0.0006763373086630693
188.0 -0.0006639650034169779
189.0 -0.00065177999696783
190.0 -0.0006395949905186823
191.0 -0.0006274697570579081
192.0 -0.0006163215819805024
193.0 -0.0006051734069030965
194.0 -0.0005940252318256908
195.0 -0.0005830581139990445
196.0 -0.000572813609676334
197.0 -0.0005625691053536235
198.0 -0.000552324601030913
199.0 -0.0005422981061885627
200.0 -0.0005328758356857398
201.0 -0.0005234535651829171
202.0 -0.0005140312946800943
203.0 -0.0005048055726440084
204.0 -0.0004961681407973378
205.0 -0.0004875307089506673
206.0 -0.00047889327710399674
207.0 -0.00047037363069843115
208.0 -0.0004624979829411683
209.0 -0.0004546223351839055
210.0 -0.0004467466874266427
211.0 -0.0004388710396693799
212.0 -0.00043168953223800266
213.0 -0.00042452504783001656
214.0 -0.0004173605634220305
215.0 -0.0004101960790140444
216.0 -0.00040348571787612007
217.0 -0.0003969580667907693
218.0 -0.00039043041570541853
219.0 -0.00038390276462006777
220.0 -0.0003775820144735403
221.0 -0.0003716227551921709
222.0 -0.00036566349591080153
223.0 -0.0003597042366294321
224.0 -0.00035374497734806274
225.0 -0.00034824311314482725
226.0 -0.0003427772315029569
227.0 -0.0003373113498610865
228.0 -0.00033184546821921616
229.0 -0.00032653876055829134
230.0 -0.0003214703224974744
231.0 -0.00031640188443665755
232.0 -0.00031133344637584065
233.0 -0.00030626500831502375
234.0 -0.00030147598623745677
235.0 -0.0002967646396867739
236.0 -0.000292053293136091
237.0 -0.00028734194658540813
238.0 -0.00028266047851210245
239.0 -0.0002783689514844708
240.0 -0.0002740774244568391
241.0 -0.0002697858974292075
242.0 -0.0002654943704015758
243.0 -0.00026131892532755825
244.0 -0.0002574659603583547
245.0 -0.00025361299538915116
246.0 -0.00024976003041994756
247.0 -0.000245907065450744
248.0 -0.00024217615899856245
249.0 -0.0002386612050924751
250.0 -0.00023514625118638779
251.0 -0.0002316312972803005
252.0 -0.00022811634337421315
253.0 -0.00022469628525770003
254.0 -0.00022144605616071815
255.0 -0.00021819582706373626
256.0 -0.00021494559796675437
257.0 -0.00021169536886977245
258.0 -0.00020851621737001007
259.0 -0.00020554497440870972
260.0 -0.00020257373144740937
261.0 -0.000199602488486109
262.0 -0.00019663124552480866
263.0 -0.0001936736750261084
264.0 -0.000190987447216528
265.0 -0.00018830121940694762
266.0 -0.00018561499159736722
267.0 -0.00018292876378778685
268.0 -0.00018024253597820648
269.0 -0.0001777353788346641
270.0 -0.00017529245799951867
271.0 -0.00017284953716437324
272.0 -0.00017040661632922787
273.0 -0.00016796369549408244
274.0 -0.00016559414368227246
275.0 -0.00016338289529610855
276.0 -0.00016117164690994458
277.0 -0.0001589603985237806
278.0 -0.00015674915013761664
279.0 -0.0001545379017514527
280.0 -0.00015251973890828224
281.0 -0.00015055354711833948
282.0 -0.00014858735532839666
283.0 -0.00014662116353845387
284.0 -0.00014465497174851106
285.0 -0.0001427199772542274
286.0 -0.00014096534566350179
287.0 -0.00013921071407277613
288.0 -0.00013745608248205048
289.0 -0.00013570145089132483
290.0 -0.0001339468193005992
291.0 -0.00013225144348596454
292.0 -0.00013064756737983223
293.0 -0.00012904369127369992
294.0 -0.0001274398151675676
295.0 -0.0001258359390614353
296.0 -0.000124232062955303
297.0 -0.00012269539576398886
298.0 -0.00012122017180939146
299.0 -0.00011974494785479407
