10.0 -0.03602816047696906
11.0 -0.05281144425994986
12.0 -0.06366645002310728
13.0 -0.07047842777701246
14.0 -0.07420455990436033
15.0 -0.07580642244365388
16.0 -0.07593674985451832
17.0 -0.07493991306948482
18.0 -0.07325453839383761
19.0 -0.07108137744203101
20.0 -0.06861845571292381
21.0 -0.0659826555422581
22.0 -0.06326840208797918
23.0 -0.06053835063295731
24.0 -0.0578390383016407
25.0 -0.05520160654457683
26.0 -0.05264654474879548
27.0 -0.050187172107190405
28.0 -0.047830214935882284
29.0 -0.04558665417621348
30.0 -0.043450519575475896
31.0 -0.04141802087023926
32.0 -0.039496973215132646
33.0 -0.0376745268559787
34.0 -0.03595165178596582
35.0 -0.03432054273714003
36.0 -0.0327819620554504
37.0 -0.031321081027067946
38.0 -0.029947697630466664
39.0 -0.02864682883192791
40.0 -0.02741321763850568
41.0 -0.02624728157920828
42.0 -0.02514768059165611
43.0 -0.024104980011844367
44.0 -0.023116231361108002
45.0 -0.0221784177362624
46.0 -0.021288717347827755
47.0 -0.02044468304439358
48.0 -0.01964379818090344
49.0 -0.01888339231620557
50.0 -0.018161140935787412
51.0 -0.01747436468890317
52.0 -0.01682153855670308
53.0 -0.01620044538406842
54.0 -0.015609040863287035
55.0 -0.015045318405386811
56.0 -0.014507630285259473
57.0 -0.013994428156672971
58.0 -0.013504086914309323
59.0 -0.013035060587174031
60.0 -0.012585942435928291
61.0 -0.012156840691637508
62.0 -0.01174847949296928
63.0 -0.011356233106999286
64.0 -0.01097893643601878
65.0 -0.010615518172859488
66.0 -0.010267633545629228
67.0 -0.009934298350441304
68.0 -0.009611709394939402
69.0 -0.009299073779258654
70.0 -0.008999025178306736
71.0 -0.008709298354845102
72.0 -0.008427147249909627
73.0 -0.008153346522407852
74.0 -0.007889956369087927
75.0 -0.007632499404497727
76.0 -0.007381648480133707
77.0 -0.00714065141364891
78.0 -0.006904771461736511
79.0 -0.0066759011996397125
80.0 -0.006456087117563397
81.0 -0.006241041825744691
82.0 -0.0060360093125215045
83.0 -0.005838599502164132
84.0 -0.005646982706469855
85.0 -0.0054683612717472165
86.0 -0.005294312454471899
87.0 -0.005132649753754618
88.0 -0.004978311457181091
89.0 -0.004832203056187619
90.0 -0.004696744539633784
91.0 -0.00456579208325069
92.0 -0.004446997514736965
93.0 -0.004330233735834318
94.0 -0.004224133399014745
95.0 -0.004119539831885812
96.0 -0.0040217711704241665
97.0 -0.003925505328938524
98.0 -0.003833399693266733
99.0 -0.003742415138246706
100.0 -0.003653911894039335
101.0 -0.003566213882813723
102.0 -0.0034802463403414453
103.0 -0.003395129509501051
104.0 -0.0033121612579381583
105.0 -0.003230083111735646
106.0 -0.0031513813109689914
107.0 -0.003073248520227704
108.0 -0.0030007516793246515
109.0 -0.0029282548384215986
110.0 -0.0028631782106160798
111.0 -0.0027986428765857797
112.0 -0.002740591660342519
113.0 -0.002684954633473212
114.0 -0.002633596147981037
115.0 -0.0025868567858432848
116.0 -0.002541573275401444
117.0 -0.0025025934080910974
118.0 -0.00246361354078075
119.0 -0.0024296867471406158
120.0 -0.002396665297784029
121.0 -0.002365390094418398
122.0 -0.002336154723271445
123.0 -0.0023069668723998027
124.0 -0.0022795464315243097
125.0 -0.002252125990648816
126.0 -0.0022248003915701824
127.0 -0.0021975549528089004
128.0 -0.002170303565072426
129.0 -0.0021422675926537813
130.0 -0.0021142316202351365
131.0 -0.0020856622243677794
132.0 -0.002056361931423377
133.0 -0.0020270616384789743
134.0 -0.0019968070804829985
135.0 -0.0019662896937722735
136.0 -0.001935686443129789
137.0 -0.0019042449039182944
138.0 -0.0018728033647068
139.0 -0.0018412078437321686
140.0 -0.0018093230705173889
141.0 -0.0017774382973026093
142.0 -0.0017455796884212978
143.0 -0.0017137427969663827
144.0 -0.0016819059055114677
145.0 -0.0016504361847338668
146.0 -0.001619132286586287
147.0 -0.001587828388438707
148.0 -0.0015572454700830682
149.0 -0.0015268735451467428
150.0 -0.0014965016202104179
151.0 -0.0014671228401288248
152.0 -0.0014379932241918567
153.0 -0.0014088636082548892
154.0 -0.0013808453692839076
155.0 -0.0013531681894111503
156.0 -0.001325491009538393
157.0 -0.0012988747886888837
158.0 -0.0012727819999126277
159.0 -0.0012466892111363715
160.0 -0.0012214383706335647
161.0 -0.0011969914635897817
162.0 -0.0011725445565459985
163.0 -0.0011485751100997115
164.0 -0.0011257765095250563
165.0 -0.001102977908950401
166.0 -0.0010801836750950864
167.0 -0.0010590024118019455
168.0 -0.0010378211485088044
169.0 -0.0010166398852156635
170.0 -0.0009964747162993187
171.0 -0.0009768582848346298
172.0 -0.000957241853369941
173.0 -0.0009379685490346304
174.0 -0.0009198556089292869
175.0 -0.0009017426688239435
176.0 -0.0008836297287185998
177.0 -0.0008665641254613845
178.0 -0.0008498703447478717
179.0 -0.000833176564034359
180.0 -0.0008167212103519074
181.0 -0.0008013724333560676
182.0 -0.0007860236563602277
183.0 -0.0007706748793643878
184.0 -0.0007560173604687411
185.0 -0.0007419378603776919
186.0 -0.0007278583602866426
187.0 -0.0007137788601955936
188.0 -0.0007006939125096112
189.0 -0.0006878004333289217
190.0 -0.0006749069541482321
191.0 -0.000662075717429574
192.0 -0.0006502619054872917
193.0 -0.0006384480935450093
194.0 -0.000626634281602727
195.0 -0.0006150170756868849
196.0 -0.000604184539642394
197.0 -0.0005933520035979034
198.0 -0.0005825194675534126
199.0 -0.0005719256891086426
200.0 -0.0005619936394692434
201.0 -0.0005520615898298444
202.0 -0.0005421295401904452
203.0 -0.0005324071757198858
204.0 -0.0005233124209668795
205.0 -0.0005142176662138733
206.0 -0.0005051229114608671
207.0 -0.0004961498868924911
208.0 -0.0004878424290836743
209.0 -0.0004795349712748574
210.0 -0.00047122751346604063
211.0 -0.0004629200556572238
212.0 -0.0004553311870281094
213.0 -0.0004477599410034723
214.0 -0.0004401886949788351
215.0 -0.0004326174489541979
216.0 -0.0004255185487627092
217.0 -0.00041860969021342864
218.0 -0.0004117008316641481
219.0 -0.00040479197311486754
220.0 -0.00039809794983122217
221.0 -0.0003917792800209955
222.0 -0.0003854606102107688
223.0 -0.00037914194040054215
224.0 -0.0003728232705903155
225.0 -0.0003669938283645955
226.0 -0.000361202872914144
227.0 -0.00035541191746369245
228.0 -0.00034962096201324096
229.0 -0.0003440111711049865
230.0 -0.0003386725677536846
231.0 -0.0003333339644023827
232.0 -0.00032799536105108083
233.0 -0.00032265675769977895
234.0 -0.0003176423251477516
235.0 -0.00031271800962246414
236.0 -0.0003077936940971767
237.0 -0.0003028693785718893
238.0 -0.0002979752122908916
239.0 -0.00029347452080769585
240.0 -0.00028897382932450006
241.0 -0.00028447313784130433
242.0 -0.0002799724463581086
243.0 -0.00027557944949944073
244.0 -0.0002714856324247478
245.0 -0.0002673918153500549
246.0 -0.00026329799827536196
247.0 -0.0002592041812006691
248.0 -0.00025524055209971724
249.0 -0.0002515072586204505
250.0 -0.0002477739651411838
251.0 -0.00024404067166191708
252.0 -0.00024030737818265039
253.0 -0.00023668528583426724
254.0 -0.00023326220314809834
255.0 -0.00022983912046192943
256.0 -0.00022641603777576058
257.0 -0.00022299295508959168
258.0 -0.00021964465853219708
259.0 -0.00021651511831067972
260.0 -0.0002133855780891624
261.0 -0.000210256037867645
262.0 -0.00020712649764612767
263.0 -0.00020401110824287512
264.0 -0.00020117655494014997
265.0 -0.00019834200163742482
266.0 -0.0001955074483346997
267.0 -0.00019267289503197457
268.0 -0.00018983834172924942
269.0 -0.00018720007121943673
270.0 -0.00018463221135977414
271.0 -0.00018206435150011153
272.0 -0.00017949649164044894
273.0 -0.00017692863178078635
274.0 -0.00017444020688981769
275.0 -0.0001721231735083536
276.0 -0.00016980614012688952
277.0 -0.00016748910674542543
278.0 -0.00016517207336396133
279.0 -0.00016285503998249726
280.0 -0.00016072886801152925
281.0 -0.00015865406844457565
282.0 -0.00015657926887762202
283.0 -0.0001545044693106684
284.0 -0.00015242966974371477
285.0 -0.00015038603766085636
286.0 -0.00014852259613007122
287.0 -0.00014665915459928606
288.0 -0.00014479571306850092
289.0 -0.00014293227153771575
290.0 -0.00014106883000693062
291.0 -0.00013927202350745474
292.0 -0.0001375781113812038
293.0 -0.00013588419925495288
294.0 -0.00013419028712870196
295.0 -0.000132496375002451
296.0 -0.0001308024628762001
297.0 -0.00012918391316370852
298.0 -0.00012763426071939467
299.0 -0.00012608460827508083
