10.0 -0.09937840423112772
11.0 -0.10246830076978411
12.0 -0.10201523587255888
13.0 -0.09977315469826437
14.0 -0.09625484712544206
15.0 -0.09212860914388483
16.0 -0.08776362611845714
17.0 -0.08321519615824974
18.0 -0.0787578101454517
19.0 -0.07441757842433075
20.0 -0.0702578216789385
21.0 -0.06630855842859439
22.0 -0.06257304860552822
23.0 -0.05906576389231445
24.0 -0.0557763291870119
25.0 -0.052697135527245864
26.0 -0.04981829336713357
27.0 -0.04712855740440674
28.0 -0.0446147737569848
29.0 -0.04227568412815743
30.0 -0.0400887341728311
31.0 -0.038039874277086806
32.0 -0.03613177743209143
33.0 -0.03434264033221168
34.0 -0.03266949251426504
35.0 -0.03109980542306928
36.0 -0.029631755587610737
37.0 -0.02824702705420605
38.0 -0.02695427972726266
39.0 -0.02573637119304896
40.0 -0.02458694656660555
41.0 -0.023505518607018536
42.0 -0.022489856904867732
43.0 -0.021530006730319278
44.0 -0.020622663649094885
45.0 -0.019764545730141598
46.0 -0.01895257955702121
47.0 -0.018184107016063013
48.0 -0.017456470141388267
49.0 -0.01676697163532458
50.0 -0.016113351517443003
51.0 -0.015492899602189693
52.0 -0.014904083396060166
53.0 -0.014344699386253159
54.0 -0.013812854040156378
55.0 -0.013306664873481396
56.0 -0.01282457108770038
57.0 -0.012365109844968372
58.0 -0.011926765785652783
59.0 -0.01150813873346992
60.0 -0.011107977802024969
61.0 -0.010726398643143613
62.0 -0.010364120296228931
63.0 -0.01001685955988702
64.0 -0.009683566527385511
65.0 -0.009363271495725977
66.0 -0.009057560594935886
67.0 -0.008765535411513922
68.0 -0.008483588387946708
69.0 -0.008210940755301087
70.0 -0.007949934826146199
71.0 -0.007698231102892547
72.0 -0.007453201348444604
73.0 -0.007215395591469199
74.0 -0.006985973974016244
75.0 -0.0067609744983570435
76.0 -0.0065407881988074346
77.0 -0.006326896486071726
78.0 -0.0061160326813667456
79.0 -0.005909234099178884
80.0 -0.005707367963732537
81.0 -0.00550821129090268
82.0 -0.005314955380845306
83.0 -0.0051269811195763255
84.0 -0.004943020745430464
85.0 -0.004770122959377833
86.0 -0.004601681054071362
87.0 -0.004445980076229104
88.0 -0.004299138655527322
89.0 -0.004162252069201219
90.0 -0.004039651298906369
91.0 -0.003923094983552773
92.0 -0.0038234015398959167
93.0 -0.003726452844182942
94.0 -0.0036431342384338435
95.0 -0.0035612523469409365
96.0 -0.003485878045380502
97.0 -0.003410913483169397
98.0 -0.003337083188568828
99.0 -0.0032624045212583225
100.0 -0.003185848133219146
101.0 -0.003108184771852773
102.0 -0.0030281424930837597
103.0 -0.002947931554818563
104.0 -0.0028672946457721123
105.0 -0.002787531412821342
106.0 -0.002711082205860494
107.0 -0.0026354590812072663
108.0 -0.0025680181646706565
109.0 -0.002500577248134047
110.0 -0.00244433065583464
111.0 -0.0023889006732400672
112.0 -0.0023425321260548445
113.0 -0.0022995373641394937
114.0 -0.002261654991969945
115.0 -0.002229291967818853
116.0 -0.0021983216099122215
117.0 -0.002173381310582991
118.0 -0.0021484410112537606
119.0 -0.002126887810195823
120.0 -0.0021059414655302242
121.0 -0.002085461849624625
122.0 -0.00206552743088309
123.0 -0.0020455666653203496
124.0 -0.002024625988869873
125.0 -0.002003685312419397
126.0 -0.00198160887789514
127.0 -0.0019585725002799303
128.0 -0.001935518555113573
129.0 -0.0019101477013894618
130.0 -0.0018847768476653506
131.0 -0.0018585405511096253
132.0 -0.001831118424351826
133.0 -0.0018036962975940271
134.0 -0.0017751460499680972
135.0 -0.0017462850893412419
136.0 -0.001717351402520671
137.0 -0.001687707690715104
138.0 -0.0016580639789095372
139.0 -0.0016283653644343556
140.0 -0.0015985636161863644
141.0 -0.0015687618679383736
142.0 -0.0015391618000027297
143.0 -0.0015097291346628512
144.0 -0.0014802964693229727
145.0 -0.0014514174515702874
146.0 -0.0014227884736619737
147.0 -0.00139415949575366
148.0 -0.0013664048682551348
149.0 -0.0013389061178071206
150.0 -0.0013114073673591064
151.0 -0.0012849914717592917
152.0 -0.001258847247105281
153.0 -0.0012327030224512702
154.0 -0.001207688400038698
155.0 -0.0011830204296925336
156.0 -0.0011583524593463694
157.0 -0.0011347157742550927
158.0 -0.0011115878814614
159.0 -0.0010884599886677071
160.0 -0.001066131121089516
161.0 -0.0010445652019317937
162.0 -0.0010229992827740716
163.0 -0.001001876541045321
164.0 -0.0009818405747820912
165.0 -0.0009618046085188616
166.0 -0.0009417725986533717
167.0 -0.0009232019955302516
168.0 -0.0009046313924071315
169.0 -0.0008860607892840112
170.0 -0.0008684094584873977
171.0 -0.0008512545768054967
172.0 -0.0008340996951235955
173.0 -0.0008172517661472991
174.0 -0.0008014418691695811
175.0 -0.000785631972191863
176.0 -0.000769822075214145
177.0 -0.0007549248145734453
178.0 -0.0007403515554847889
179.0 -0.0007257782963961325
180.0 -0.0007114116461885564
181.0 -0.0006980038997178291
182.0 -0.0006845961532471018
183.0 -0.0006711884067763745
184.0 -0.0006583970530255955
185.0 -0.0006461211168634817
186.0 -0.000633845180701368
187.0 -0.0006215692445392544
188.0 -0.0006101868680171307
189.0 -0.0005989765171497507
190.0 -0.000587766166282371
191.0 -0.0005766112620506189
192.0 -0.00056636269698048
193.0 -0.000556114131910341
194.0 -0.000545865566840202
195.0 -0.0005357833705903332
196.0 -0.0005263651651812443
197.0 -0.0005169469597721553
198.0 -0.0005075287543630663
199.0 -0.0004983134232397954
200.0 -0.0004896603684962164
201.0 -0.0004810073137526377
202.0 -0.00047235425900905885
203.0 -0.00046388277795383806
204.0 -0.0004559547660046878
205.0 -0.00044802675405553754
206.0 -0.0004400987421063873
207.0 -0.0004322774805101387
208.0 -0.00042503988258513485
209.0 -0.000417802284660131
210.0 -0.0004105646867351272
211.0 -0.00040332708881012335
212.0 -0.00039673092439063205
213.0 -0.00039015049041808507
214.0 -0.00038357005644553815
215.0 -0.0003769896224729912
216.0 -0.00037081871310611254
217.0 -0.00036481257015215433
218.0 -0.0003588064271981962
219.0 -0.000352800284244238
220.0 -0.0003469841091158226
221.0 -0.0003414998398453417
222.0 -0.0003360155705748608
223.0 -0.00033053130130437995
224.0 -0.00032504703203389905
225.0 -0.0003199996079408577
226.0 -0.0003149865497803673
227.0 -0.0003099734916198769
228.0 -0.00030496043345938656
229.0 -0.0003000979647867037
230.0 -0.00029546091547481867
231.0 -0.00029082386616293354
232.0 -0.0002861868168510485
233.0 -0.00028154976753916344
234.0 -0.0002771630496176327
235.0 -0.00027284592192646466
236.0 -0.0002685287942352967
237.0 -0.00026421166654412874
238.0 -0.00025992187750661846
239.0 -0.00025598888252725344
240.0 -0.0002520558875478884
241.0 -0.0002481228925685234
242.0 -0.0002441898975891584
243.0 -0.00024035794547329575
244.0 -0.00023680669429499036
245.0 -0.000233255443116685
246.0 -0.00022970419193837964
247.0 -0.00022615294076007428
248.0 -0.00022270972873844283
249.0 -0.0002194576654504749
250.0 -0.000216205602162507
251.0 -0.00021295353887453914
252.0 -0.00020970147558657123
253.0 -0.00020653557190440715
254.0 -0.00020352386264375018
255.0 -0.00020051215338309325
256.0 -0.00019750044412243626
257.0 -0.00019448873486177932
258.0 -0.000191544123166227
259.0 -0.00018879577804750035
260.0 -0.00018604743292877373
261.0 -0.0001832990878100471
262.0 -0.00018055074269132041
263.0 -0.00017781588215717706
264.0 -0.00017534863569882336
265.0 -0.00017288138924046966
266.0 -0.000170414142782116
267.0 -0.00016794689632376226
268.0 -0.00016547964986540856
269.0 -0.00016318104357665008
270.0 -0.0001609429319639986
271.0 -0.0001587048203513471
272.0 -0.00015646670873869562
273.0 -0.00015422859712604413
274.0 -0.00015205933649622586
275.0 -0.00015003863101878805
276.0 -0.00014801792554135023
277.0 -0.00014599722006391238
278.0 -0.00014397651458647457
279.0 -0.00014195580910903675
280.0 -0.00014011134585418625
281.0 -0.00013831432009149102
282.0 -0.0001365172943287958
283.0 -0.00013472026856610055
284.0 -0.00013292324280340533
285.0 -0.00013115425792028983
286.0 -0.0001295473875523101
287.0 -0.00012794051718433035
288.0 -0.00012633364681635063
289.0 -0.00012472677644837087
290.0 -0.00012311990608039112
291.0 -0.0001215662830736636
292.0 -0.00012009488189161715
293.0 -0.00011862348070957069
294.0 -0.00011715207952752425
295.0 -0.0001156806783454778
296.0 -0.00011420927716343136
297.0 -0.00011279985403403513
298.0 -0.00011144709202125617
299.0 -0.00011009433000847719
