10.0 -0.18791356177620072
11.0 -0.1685490284699345
12.0 -0.15319582080454738
13.0 -0.1391511107737169
14.0 -0.1273808728910647
15.0 -0.1169259164938702
16.0 -0.10738869677835164
17.0 -0.09931323539138792
18.0 -0.09190734908402973
19.0 -0.08532763716495859
20.0 -0.07937194527499922
21.0 -0.07398318076497142
22.0 -0.06907897038504482
23.0 -0.0646236814731636
24.0 -0.060552451220729636
25.0 -0.05682181972868797
26.0 -0.05339682797218917
27.0 -0.05024513958084533
28.0 -0.047338049780412964
29.0 -0.044665283678500776
30.0 -0.04219109069204855
31.0 -0.03989262250102883
32.0 -0.03776944145901419
33.0 -0.03579270645336653
34.0 -0.0339561880582263
35.0 -0.032243199976858684
36.0 -0.030650247884835103
37.0 -0.029154950189024514
38.0 -0.027765507861615416
39.0 -0.02646228201538706
40.0 -0.025237168162855463
41.0 -0.024088900879292392
42.0 -0.02301451092455693
43.0 -0.02200230054481279
44.0 -0.021048206560441082
45.0 -0.02014854675034445
46.0 -0.01929981641274879
47.0 -0.01849841679419368
48.0 -0.017741207005165353
49.0 -0.01702532441795001
50.0 -0.016348157410314115
51.0 -0.01570692240549788
52.0 -0.015099220309496798
53.0 -0.014522729169127306
54.0 -0.013975428920902241
55.0 -0.013455436065081535
56.0 -0.01296084993350371
57.0 -0.01248983407665657
58.0 -0.012040823884974726
59.0 -0.011612353516287165
60.0 -0.011202995818429309
61.0 -0.01081292623314435
62.0 -0.010442519554099871
63.0 -0.010087452146052084
64.0 -0.009746598356080884
65.0 -0.009418917789665238
66.0 -0.009105953024798786
67.0 -0.008806719193790488
68.0 -0.008517653022468036
69.0 -0.008237985215190449
70.0 -0.007970080837482359
71.0 -0.007711743791544183
72.0 -0.007460402992114551
73.0 -0.007216751625888221
74.0 -0.006982659610410294
75.0 -0.006753844462592104
76.0 -0.006530851508852734
77.0 -0.006316532099909333
78.0 -0.006106573294400807
79.0 -0.005902538658309512
80.0 -0.00570642616765869
81.0 -0.005514347401909952
82.0 -0.00533047751753898
83.0 -0.005153058791519682
84.0 -0.004980542743144131
85.0 -0.004819300477311628
86.0 -0.0046619499134953335
87.0 -0.004515051513774336
88.0 -0.004374642732862463
89.0 -0.004241525860494298
90.0 -0.004117825675649602
91.0 -0.003998109774468293
92.0 -0.003889508102978282
93.0 -0.003782764136843303
94.0 -0.003685788283071957
95.0 -0.0035902887451889818
96.0 -0.00350147617263046
97.0 -0.003414201956205452
98.0 -0.003331186319139655
99.0 -0.003249426325256556
100.0 -0.0031704454721972375
101.0 -0.003092525996794329
102.0 -0.0030168874523909058
103.0 -0.0029422515878056426
104.0 -0.0028701481172755746
105.0 -0.0027990423690280584
106.0 -0.002731721178457527
107.0 -0.002664974387143571
108.0 -0.002603916925108291
109.0 -0.0025428594630730102
110.0 -0.002488815132799508
111.0 -0.0024352824003086504
112.0 -0.0023876601436129286
113.0 -0.0023422384959018478
114.0 -0.0023004914281105015
115.0 -0.0022627114454607557
116.0 -0.0022261270949675816
117.0 -0.0021947196718034305
118.0 -0.00216331224863928
119.0 -0.002135729807109248
120.0 -0.002108832676240239
121.0 -0.002083113943663743
122.0 -0.002058771726661771
123.0 -0.0020344499326953704
124.0 -0.0020108877277040557
125.0 -0.00198732552271274
126.0 -0.001963525873030485
127.0 -0.0019395255350187232
128.0 -0.001915516364418324
129.0 -0.0018903423017946645
130.0 -0.001865168239171005
131.0 -0.0018394293812894456
132.0 -0.0018129166406621522
133.0 -0.0017864039000348587
134.0 -0.0017589717969051248
135.0 -0.001731286478104853
136.0 -0.0017035307145535931
137.0 -0.0016750871997162004
138.0 -0.0016466436848788081
139.0 -0.0016180978376107544
140.0 -0.0015893597605344065
141.0 -0.0015606216834580587
142.0 -0.0015319900908626622
143.0 -0.0015034468845768292
144.0 -0.0014749036782909964
145.0 -0.0014467825245435405
146.0 -0.0014188519793229776
147.0 -0.0013909214341024142
148.0 -0.0013637266197152628
149.0 -0.0013367471156127703
150.0 -0.0013097676115102778
151.0 -0.0012837449019526908
152.0 -0.001257962236828932
153.0 -0.0012321795717051731
154.0 -0.0012074384271059523
155.0 -0.0011830169040768666
156.0 -0.0011585953810477811
157.0 -0.001135145811160133
158.0 -0.0011121757616279172
159.0 -0.0010892057120957014
160.0 -0.001066998459873007
161.0 -0.0010455195638913264
162.0 -0.0010240406679096455
163.0 -0.0010029922281306408
164.0 -0.0009829993683732432
165.0 -0.0009630065086158458
166.0 -0.0009430175399599114
167.0 -0.0009244658590306455
168.0 -0.0009059141781013797
169.0 -0.0008873624971721137
170.0 -0.0008697150970433211
171.0 -0.0008525560499192932
172.0 -0.0008353970027952652
173.0 -0.000818540130268085
174.0 -0.0008027051314529078
175.0 -0.0007868701326377305
176.0 -0.0007710351338225533
177.0 -0.0007561226636500314
178.0 -0.0007415377069677145
179.0 -0.0007269527502853975
180.0 -0.0007125759637079856
181.0 -0.0006991653267483926
182.0 -0.0006857546897887998
183.0 -0.0006723440528292068
184.0 -0.0006595419718933078
185.0 -0.0006472487556278524
186.0 -0.0006349555393623971
187.0 -0.0006226623230969415
188.0 -0.0006112362986711311
189.0 -0.0005999772236433543
190.0 -0.0005887181486155773
191.0 -0.0005775139340742286
192.0 -0.000567206477410288
193.0 -0.0005568990207463474
194.0 -0.0005465915640824067
195.0 -0.0005364559386455976
196.0 -0.0005270061049382121
197.0 -0.0005175562712308267
198.0 -0.0005081064375234413
199.0 -0.0004988654105726148
200.0 -0.000490203102145232
201.0 -0.0004815407937178491
202.0 -0.0004728784852904662
203.0 -0.00046439916169660196
204.0 -0.00045646753091437844
205.0 -0.0004485359001321549
206.0 -0.00044060426934993145
207.0 -0.00043277813892608996
208.0 -0.00042552883775683314
209.0 -0.00041827953658757637
210.0 -0.00041103023541831955
211.0 -0.0004037809342490627
212.0 -0.00039715859665243324
213.0 -0.0003905516346436558
214.0 -0.0003839446726348784
215.0 -0.000377337710626101
216.0 -0.0003711433716343229
217.0 -0.0003651150456572904
218.0 -0.0003590867196802579
219.0 -0.0003530583937032253
220.0 -0.0003472190214337716
221.0 -0.0003417097831869856
222.0 -0.00033620054494019956
223.0 -0.0003306913066934135
224.0 -0.0003251820684466275
225.0 -0.00032010013755849533
226.0 -0.00031505182227750363
227.0 -0.00031000350699651193
228.0 -0.00030495519171552023
229.0 -0.0003000662839738548
230.0 -0.0002954159954488719
231.0 -0.000290765706923889
232.0 -0.00028611541839890616
233.0 -0.00028146512987392325
234.0 -0.00027709805646291
235.0 -0.00027280971470834415
236.0 -0.0002685213729537783
237.0 -0.0002642330311992125
238.0 -0.0002599707462653002
239.0 -0.00025604852631409554
240.0 -0.00025212630636289076
241.0 -0.00024820408641168605
242.0 -0.0002442818664604813
243.0 -0.00024045120950219134
244.0 -0.00023687491803856223
245.0 -0.00023329862657493313
246.0 -0.00022972233511130404
247.0 -0.00022614604364767495
248.0 -0.00022268140020497015
249.0 -0.00021941429049422633
250.0 -0.00021614718078348256
251.0 -0.00021288007107273877
252.0 -0.000209612961361995
253.0 -0.0002064429237843956
254.0 -0.0002034466100913824
255.0 -0.00020045029639836922
256.0 -0.00019745398270535608
257.0 -0.00019445766901234288
258.0 -0.00019152757022432185
259.0 -0.00018879115615075173
260.0 -0.00018605474207718158
261.0 -0.00018331832800361146
262.0 -0.00018058191393004134
263.0 -0.0001778579855948936
264.0 -0.00017538184830794785
265.0 -0.00017290571102100206
266.0 -0.0001704295737340563
267.0 -0.00016795343644711053
268.0 -0.00016547729916016477
269.0 -0.0001631758658240073
270.0 -0.00016093710236622416
271.0 -0.000158698338908441
272.0 -0.0001564595754506579
273.0 -0.00015422081199287476
274.0 -0.0001520529577039492
275.0 -0.00015003809937748241
276.0 -0.00014802324105101563
277.0 -0.00014600838272454885
278.0 -0.00014399352439808203
279.0 -0.00014197866607161528
280.0 -0.000140130451213495
281.0 -0.00013832709023945745
282.0 -0.00013652372926541988
283.0 -0.0001347203682913823
284.0 -0.00013291700731734473
285.0 -0.0001311406955674782
286.0 -0.00012952076521245375
287.0 -0.00012790083485742925
288.0 -0.0001262809045024048
289.0 -0.00012466097414738032
290.0 -0.00012304104379235584
291.0 -0.00012147855968095684
292.0 -0.00012000478109150074
293.0 -0.00011853100250204463
294.0 -0.00011705722391258853
295.0 -0.00011558344532313242
296.0 -0.00011410966673367633
297.0 -0.0001127002223700637
298.0 -0.00011134959316628789
299.0 -0.0001099989639625121
