10.0 0.048917319079466184
11.0 0.024098436502007832
12.0 0.005061257444900132
13.0 -0.009527422224430149
14.0 -0.02042637214782232
15.0 -0.028470581188120375
16.0 -0.03428940710808782
17.0 -0.03827847933453165
18.0 -0.04091837529227171
19.0 -0.04248395676678363
20.0 -0.043256430231481124
21.0 -0.04340644987843006
22.0 -0.043105706715837605
23.0 -0.042453834043538266
24.0 -0.04155604579759452
25.0 -0.040485020287535665
26.0 -0.039295709770522255
27.0 -0.03803141311996681
28.0 -0.03672476125243015
29.0 -0.03540044195060759
30.0 -0.03407872129716179
31.0 -0.03277227306886331
32.0 -0.03149363367942375
33.0 -0.03024765334811124
34.0 -0.029040915984925024
35.0 -0.027875431120626116
36.0 -0.02675558585530212
37.0 -0.025677049823657455
38.0 -0.02464806180191378
39.0 -0.023662154059840835
40.0 -0.022717772030268722
41.0 -0.021816646219314225
42.0 -0.020959261141174614
43.0 -0.020140408322382154
44.0 -0.019358835842006872
45.0 -0.018613071721744312
46.0 -0.01790169233382245
47.0 -0.01722348217081643
48.0 -0.01657704593060675
49.0 -0.0159607308805541
50.0 -0.015373069975471417
51.0 -0.014812299339404892
52.0 -0.01427752275835322
53.0 -0.013767225448509671
54.0 -0.013279938489709228
55.0 -0.012814191998802151
56.0 -0.01236880685562089
57.0 -0.01194266187048559
58.0 -0.011534532189847723
59.0 -0.011143223066108284
60.0 -0.010767633536946533
61.0 -0.010407854987466538
62.0 -0.010064462231836728
63.0 -0.009733776307141485
64.0 -0.009414845223384791
65.0 -0.009106791485285056
66.0 -0.008810851674738397
67.0 -0.008526157793083496
68.0 -0.008249700701714881
69.0 -0.007980832374567532
70.0 -0.007721472767368752
71.0 -0.007469804033887944
72.0 -0.007223731093969399
73.0 -0.006983783891923635
74.0 -0.006751410171095915
75.0 -0.006523392816513063
76.0 -0.006300238295092492
77.0 -0.006084598981213554
78.0 -0.005873089077734196
79.0 -0.005667313580342845
80.0 -0.005469779833098935
81.0 -0.0052768929706845935
82.0 -0.005094342796244586
83.0 -0.004920742827688874
84.0 -0.00475394473437848
85.0 -0.004604288688580315
86.0 -0.004461025575046838
87.0 -0.004335509662396591
88.0 -0.0042211320819576376
89.0 -0.004119269828258683
90.0 -0.004033503156189786
91.0 -0.003954546666871621
92.0 -0.0038923874806604634
93.0 -0.0038327942346234236
94.0 -0.00378406687729163
95.0 -0.0037357330578367772
96.0 -0.0036891817661984234
97.0 -0.0036408711332486404
98.0 -0.003587690175130686
99.0 -0.0035305405203389277
100.0 -0.0034646068677559607
101.0 -0.003394039464344472
102.0 -0.0033135139976132612
103.0 -0.0032297199555754532
104.0 -0.0031376707152924225
105.0 -0.003044509589908671
106.0 -0.0029471308647304236
107.0 -0.002849958932155301
108.0 -0.0027548352459838875
109.0 -0.0026597115598124737
110.0 -0.002572881780110196
111.0 -0.002486657028846453
112.0 -0.0024099727236417934
113.0 -0.0023368405506245934
114.0 -0.0022707306123367107
115.0 -0.0022122018952126146
116.0 -0.0021562198088743902
117.0 -0.0021112642932417567
118.0 -0.002066308777609123
119.0 -0.0020306872076731436
120.0 -0.001996737973216702
121.0 -0.0019663433721938853
122.0 -0.0019401010245426134
123.0 -0.001913978457619568
124.0 -0.0018923108660733902
125.0 -0.0018706432745272128
126.0 -0.0018500073903039518
127.0 -0.0018302435054433916
128.0 -0.0018104805133809202
129.0 -0.0017908352686079945
130.0 -0.0017711900238350689
131.0 -0.001751132099170746
132.0 -0.0017305087203121875
133.0 -0.0017098853414536292
134.0 -0.0016881833542008557
135.0 -0.0016661842909339274
136.0 -0.001644057420844977
137.0 -0.0016206827742362858
138.0 -0.0015973081276275949
139.0 -0.0015735671442151928
140.0 -0.0015491380030692808
141.0 -0.0015247088619233685
142.0 -0.0014999298298298475
143.0 -0.0014748603744809143
144.0 -0.0014497909191319809
145.0 -0.001424608413935108
146.0 -0.0013993748528553255
147.0 -0.0013741412917755431
148.0 -0.001349126113794783
149.0 -0.0013241748452290968
150.0 -0.0012992235766634108
151.0 -0.001274798991473407
152.0 -0.0012505065427105974
153.0 -0.0012262140939477875
154.0 -0.0012026360639916525
155.0 -0.0011792772747084993
156.0 -0.0011559184854253459
157.0 -0.0011333192898697738
158.0 -0.0011110948455637275
159.0 -0.0010888704012576808
160.0 -0.0010672865325423136
161.0 -0.0010463143167830974
162.0 -0.0010253421010238807
163.0 -0.001004746321028368
164.0 -0.0009850736502112444
165.0 -0.0009654009793941209
166.0 -0.0009457318469485583
167.0 -0.0009273697115231758
168.0 -0.0009090075760977935
169.0 -0.000890645440672411
170.0 -0.0008731205181309048
171.0 -0.0008560477288507203
172.0 -0.0008389749395705358
173.0 -0.000822187861647495
174.0 -0.0008063669831605804
175.0 -0.0007905461046736658
176.0 -0.0007747252261867512
177.0 -0.0007597803028533341
178.0 -0.0007451463586227006
179.0 -0.000730512414392067
180.0 -0.0007160831317941883
181.0 -0.0007026037154528429
182.0 -0.0006891242991114977
183.0 -0.0006756448827701522
184.0 -0.0006627750024389593
185.0 -0.0006504148062269815
186.0 -0.0006380546100150038
187.0 -0.000625694413803026
188.0 -0.0006142339743624536
189.0 -0.0006029467536313933
190.0 -0.000591659532900333
191.0 -0.0005804273522490675
192.0 -0.0005700948651357642
193.0 -0.000559762378022461
194.0 -0.0005494298909091578
195.0 -0.0005392629743795731
196.0 -0.0005297568628668967
197.0 -0.0005202507513542204
198.0 -0.0005107446398415439
199.0 -0.0005014367838142714
200.0 -0.0004926784029269238
201.0 -0.00048392002203957615
202.0 -0.00047516164115222846
203.0 -0.0004665838914359102
204.0 -0.0004585467897723771
205.0 -0.000450509688108844
206.0 -0.000442472586445311
207.0 -0.00043454599254766655
208.0 -0.0004272236061920715
209.0 -0.00041990121983647636
210.0 -0.00041257883348088135
211.0 -0.0004052564471252863
212.0 -0.00039859457942136484
213.0 -0.00039194891020647864
214.0 -0.00038530324099159244
215.0 -0.00037865757177670624
216.0 -0.000372443590402084
217.0 -0.0003664032925032706
218.0 -0.00036036299460445715
219.0 -0.0003543226967056437
220.0 -0.0003484731027808263
221.0 -0.0003429567008895538
222.0 -0.0003374402989982812
223.0 -0.00033192389710700866
224.0 -0.00032640749521573617
225.0 -0.0003212944244409592
226.0 -0.0003162130830995399
227.0 -0.0003111317417581206
228.0 -0.0003060504004167013
229.0 -0.0003011069800339417
230.0 -0.00029637001532610547
231.0 -0.00029163305061826925
232.0 -0.00028689608591043304
233.0 -0.0002821591212025968
234.0 -0.00027768100556551387
235.0 -0.00027327484800942684
236.0 -0.00026886869045333975
237.0 -0.0002644625328972527
238.0 -0.0002600862292821381
239.0 -0.00025609954649051216
240.0 -0.00025211286369888626
241.0 -0.0002481261809072603
242.0 -0.00024413949811563437
243.0 -0.00024027289909453296
244.0 -0.00023673989737860737
245.0 -0.00023320689566268181
246.0 -0.00022967389394675623
247.0 -0.00022614089223083067
248.0 -0.00022273358313683217
249.0 -0.0002195486562443601
250.0 -0.00021636372935188804
251.0 -0.00021317880245941598
252.0 -0.00020999387556694393
253.0 -0.00020689771814028744
254.0 -0.00020396042583727242
255.0 -0.00020102313353425737
256.0 -0.00019808584123124235
257.0 -0.00019514854892822736
258.0 -0.00019227044009842274
259.0 -0.00018956544839549968
260.0 -0.00018686045669257667
261.0 -0.0001841554649896536
262.0 -0.00018145047328673057
263.0 -0.00017875642871828084
264.0 -0.00017627964017700304
265.0 -0.0001738028516357253
266.0 -0.0001713260630944475
267.0 -0.00016884927455316972
268.0 -0.00016637248601189192
269.0 -0.00016404182583238902
270.0 -0.0001617635848833508
271.0 -0.00015948534393431262
272.0 -0.00015720710298527442
273.0 -0.00015492886203623623
274.0 -0.0001527160981965315
275.0 -0.00015064460992841912
276.0 -0.00014857312166030674
277.0 -0.00014650163339219435
278.0 -0.00014443014512408197
279.0 -0.00014235865685596958
280.0 -0.00014047401834610995
281.0 -0.00013863967246086206
282.0 -0.00013680532657561414
283.0 -0.00013497098069036625
284.0 -0.00013313663480511834
285.0 -0.00013133309465422445
286.0 -0.00012970765364868673
287.0 -0.000128082212643149
288.0 -0.00012645677163761128
289.0 -0.00012483133063207358
290.0 -0.0001232058896265359
291.0 -0.00012163622048356131
292.0 -0.00012015267136978565
293.0 -0.00011866912225600997
294.0 -0.00011718557314223431
295.0 -0.00011570202402845864
296.0 -0.00011421847491468296
297.0 -0.00011279419097196023
298.0 -0.00011142408799531788
299.0 -0.00011005398501867555
