10.0 0.05615162961994551
11.0 0.03138683311855308
12.0 0.012313953457495051
13.0 -0.002375933639892137
14.0 -0.013423279020240361
15.0 -0.02164925810428945
16.0 -0.027673105803314696
17.0 -0.03188311156990822
18.0 -0.03475409380586305
19.0 -0.0365567439603112
20.0 -0.03756896230587459
21.0 -0.037958963917670493
22.0 -0.03789648393327649
23.0 -0.03747939372222412
24.0 -0.03681166062733269
25.0 -0.03596491143642391
26.0 -0.0349932255254658
27.0 -0.03393923915676582
28.0 -0.0328351305603081
29.0 -0.03170465826218164
30.0 -0.030568347271888893
31.0 -0.0294389953755175
32.0 -0.028328273433795535
33.0 -0.02724183177979778
34.0 -0.026185996972083257
35.0 -0.025163266276598827
36.0 -0.024177787909367324
37.0 -0.023226455712137686
38.0 -0.022316531876527716
39.0 -0.021442823395321896
40.0 -0.02060422970494529
41.0 -0.019802416903148493
42.0 -0.019037972876670493
43.0 -0.018306600190845627
44.0 -0.017607335161094535
45.0 -0.0169389959099249
46.0 -0.016300447922457686
47.0 -0.01569076135454977
48.0 -0.015108821440455207
49.0 -0.014553249350022867
50.0 -0.0140228358235189
51.0 -0.013516099427587263
52.0 -0.013032367444168672
53.0 -0.012570372434825852
54.0 -0.012128875137070652
55.0 -0.011706626241175055
56.0 -0.011302658118142746
57.0 -0.010916051790522439
58.0 -0.010545774675773875
59.0 -0.010190813245572375
60.0 -0.00985023563904378
61.0 -0.009524203966265887
62.0 -0.009213366628168866
63.0 -0.008914392009130256
64.0 -0.008626447534659432
65.0 -0.008348757805480831
66.0 -0.008082553348170988
67.0 -0.007827067769800706
68.0 -0.007579441830984179
69.0 -0.007339052525284747
70.0 -0.007107697423109132
71.0 -0.006883535208794084
72.0 -0.006664510866588213
73.0 -0.006451027748667976
74.0 -0.006244009989753427
75.0 -0.006040485674553011
76.0 -0.005840791647484005
77.0 -0.005646433986932461
78.0 -0.005454820122704388
79.0 -0.005266955467812989
80.0 -0.005084217782261622
81.0 -0.004904442691989925
82.0 -0.004731384542302675
83.0 -0.004564488750005905
84.0 -0.004402276155696867
85.0 -0.004252789538020358
86.0 -0.00410832554168173
87.0 -0.00397811554247168
88.0 -0.003857442811265267
89.0 -0.0037474864084110857
90.0 -0.003652199228551474
91.0 -0.0035631187265057094
92.0 -0.003490421546255668
93.0 -0.0034203087191607045
94.0 -0.0033621106384883618
95.0 -0.0033047682869531752
96.0 -0.0032513019562021355
97.0 -0.0031970830591082668
98.0 -0.0031407808580094353
99.0 -0.0030819954157124095
100.0 -0.003017713764711919
101.0 -0.0029505093795398423
102.0 -0.002877023954876342
103.0 -0.002801820944393694
104.0 -0.002722279954788577
105.0 -0.0026426393057322243
106.0 -0.002562620628693685
107.0 -0.0024831300221945
108.0 -0.0024088698667210757
109.0 -0.002334609711247651
110.0 -0.002270128579311322
111.0 -0.0022063608129480267
112.0 -0.002151751568368152
113.0 -0.0021005522565959228
114.0 -0.002055209142500925
115.0 -0.0020161883932201634
116.0 -0.0019790088705922883
117.0 -0.0019498016131179229
118.0 -0.0019205943556435574
119.0 -0.0018970258858511436
120.0 -0.0018744677009916587
121.0 -0.0018535062290130967
122.0 -0.0018344099160071822
123.0 -0.0018153391228148156
124.0 -0.0017972174818163056
125.0 -0.0017790958408177957
126.0 -0.0017605604698915818
127.0 -0.0017416754142967862
128.0 -0.0017227786142823543
129.0 -0.0017023328934119772
130.0 -0.0016818871725416003
131.0 -0.0016606880237734919
132.0 -0.0016384565277219143
133.0 -0.001616225031670337
134.0 -0.0015928009021065677
135.0 -0.0015690482911291084
136.0 -0.0015451943132413612
137.0 -0.0015203506913852019
138.0 -0.0014955070695290423
139.0 -0.0014704741853673732
140.0 -0.0014450857750399483
141.0 -0.0014196973647125236
142.0 -0.0013942753705929213
143.0 -0.0013688255006042232
144.0 -0.001343375630615525
145.0 -0.0013181889971877114
146.0 -0.0012931212473787175
147.0 -0.0012680534975697238
148.0 -0.0012435603084916178
149.0 -0.0012192352635620285
150.0 -0.001194910218632439
151.0 -0.0011713937843425939
152.0 -0.001148080217517074
153.0 -0.001124766650691554
154.0 -0.0011023544441180482
155.0 -0.0010802188467636785
156.0 -0.0010580832494093088
157.0 -0.0010368089587863864
158.0 -0.0010159596002845628
159.0 -0.0009951102417827392
160.0 -0.0009749419681015827
161.0 -0.000955424027573939
162.0 -0.0009359060870462952
163.0 -0.0009167717119215435
164.0 -0.000898577929530165
165.0 -0.0008803841471387864
166.0 -0.0008621938662990193
167.0 -0.0008452969819957083
168.0 -0.0008284000976923975
169.0 -0.0008115032133890866
170.0 -0.0007954187455234384
171.0 -0.0007797730197036739
172.0 -0.0007641272938839095
173.0 -0.000748754222363603
174.0 -0.0007343031948006218
175.0 -0.0007198521672376406
176.0 -0.0007054011396746593
177.0 -0.0006917701703809309
178.0 -0.0006784303358374052
179.0 -0.0006650905012938797
180.0 -0.0006519398777335
181.0 -0.0006396674115777917
182.0 -0.0006273949454220835
183.0 -0.0006151224792663751
184.0 -0.0006034098547214586
185.0 -0.0005921653606455281
186.0 -0.0005809208665695974
187.0 -0.0005696763724936666
188.0 -0.0005592583989629993
189.0 -0.0005489995449041555
190.0 -0.0005387406908453118
191.0 -0.0005285322956898643
192.0 -0.0005191487094643406
193.0 -0.0005097651232388169
194.0 -0.0005003815370132931
195.0 -0.0004911490438456536
196.0 -0.00048251957476857046
197.0 -0.00047389010569148733
198.0 -0.00046526063661440426
199.0 -0.0004568124426786623
200.0 -0.00044886666199746647
201.0 -0.0004409208813162707
202.0 -0.0004329751006350748
203.0 -0.00042519412043995623
204.0 -0.00041790640539607327
205.0 -0.00041061869035219025
206.0 -0.00040333097530830734
207.0 -0.00039614325417233894
208.0 -0.00038950225545750634
209.0 -0.00038286125674267374
210.0 -0.0003762202580278412
211.0 -0.00036957925931300865
212.0 -0.00036352989102501193
213.0 -0.00035749503181856465
214.0 -0.0003514601726121173
215.0 -0.00034542531340566997
216.0 -0.000339776683437706
217.0 -0.0003342834473222948
218.0 -0.0003287902112068836
219.0 -0.0003232969750914724
220.0 -0.0003179784499432615
221.0 -0.0003129651743460918
222.0 -0.00030795189874892223
223.0 -0.0003029386231517526
224.0 -0.00029792534755458303
225.0 -0.0002932924386435739
226.0 -0.0002886894525898064
227.0 -0.00028408646653603904
228.0 -0.0002794834804822716
229.0 -0.00027500987377316656
230.0 -0.0002707299366860176
231.0 -0.00026644999959886856
232.0 -0.00026217006251171953
233.0 -0.0002578901254245705
234.0 -0.0002538392794436157
235.0 -0.0002498521190549135
236.0 -0.0002458649586662113
237.0 -0.00024187779827750905
238.0 -0.00023791650364924388
239.0 -0.00023429278049574482
240.0 -0.00023066905734224575
241.0 -0.0002270453341887467
242.0 -0.00022342161103524767
243.0 -0.00021990087272415226
244.0 -0.00021666623024224157
245.0 -0.00021343158776033087
246.0 -0.00021019694527842013
247.0 -0.00020696230279650943
248.0 -0.0002038326971049561
249.0 -0.00020088892819779654
250.0 -0.00019794515929063699
251.0 -0.0001950013903834774
252.0 -0.00019205762147631784
253.0 -0.00018919170810476226
254.0 -0.00018646512788313905
255.0 -0.00018373854766151588
256.0 -0.0001810119674398927
257.0 -0.0001782853872182695
258.0 -0.00017561733681837894
259.0 -0.00017312049155440912
260.0 -0.00017062364629043928
261.0 -0.0001681268010264694
262.0 -0.0001656299557624996
263.0 -0.0001631443947509066
264.0 -0.00016088278018365308
265.0 -0.00015862116561639957
266.0 -0.00015635955104914602
267.0 -0.00015409793648189253
268.0 -0.00015183632191463902
269.0 -0.00014972064567078615
270.0 -0.0001476573204867485
271.0 -0.00014559399530271087
272.0 -0.00014353067011867326
273.0 -0.00014146734493463562
274.0 -0.00013946506377146418
275.0 -0.00013759449320193315
276.0 -0.00013572392263240212
277.0 -0.0001338533520628711
278.0 -0.00013198278149334006
279.0 -0.00013011221092380903
280.0 -0.0001284086604407236
281.0 -0.000126750065212538
282.0 -0.00012509146998435235
283.0 -0.00012343287475616676
284.0 -0.00012177427952798116
285.0 -0.00012014268690382565
286.0 -0.00011866720614653536
287.0 -0.00011719172538924505
288.0 -0.00011571624463195476
289.0 -0.00011424076387466447
290.0 -0.00011276528311737417
291.0 -0.00011133900892023293
292.0 -0.00010998871695144231
293.0 -0.00010863842498265169
294.0 -0.00010728813301386107
295.0 -0.00010593784104507045
296.0 -0.00010458754907627984
297.0 -0.00010329229816722175
298.0 -0.0001020473664884538
299.0 -0.00010080243480968586
