10.0 0.04933866519615814
11.0 0.024342840479277948
12.0 0.005201845214015266
13.0 -0.009435898388240072
14.0 -0.020345625279898777
15.0 -0.028375799460713037
16.0 -0.03416608066486961
17.0 -0.0381197252560135
18.0 -0.04072292342573407
19.0 -0.04225435212982138
20.0 -0.0429974620078684
21.0 -0.0431243803743222
22.0 -0.042807114468650036
23.0 -0.042145643092598634
24.0 -0.04124456994424333
25.0 -0.04017589731042704
26.0 -0.038993796583505165
27.0 -0.0377407229340848
28.0 -0.03644847794259101
29.0 -0.035141107305743144
30.0 -0.03383797711481998
31.0 -0.03255111930630103
32.0 -0.0312925469491238
33.0 -0.030066575046735634
34.0 -0.028879410992441353
35.0 -0.0277327776025265
36.0 -0.026630793312486092
37.0 -0.025569096168682068
38.0 -0.024555621196761936
39.0 -0.02358399610740732
40.0 -0.02265267286253872
41.0 -0.021763308472884067
42.0 -0.020916364088738697
43.0 -0.020106803154449234
44.0 -0.01933343524597592
45.0 -0.018594856537854546
46.0 -0.01788971083860308
47.0 -0.01721685109096836
48.0 -0.016574959632341138
49.0 -0.015962473577386956
50.0 -0.01537801898549106
51.0 -0.014819925080957835
52.0 -0.014287374254771109
53.0 -0.013778935537779865
54.0 -0.013293224946167284
55.0 -0.012828856197957142
56.0 -0.012384730428007171
57.0 -0.011959806581444963
58.0 -0.011552941945098495
59.0 -0.01116302235143721
60.0 -0.010789020626365121
61.0 -0.010431120302696311
62.0 -0.010090016740761352
63.0 -0.009762024414982083
64.0 -0.009446226338195939
65.0 -0.009141770702645014
66.0 -0.008850031759741342
67.0 -0.008570179798954306
68.0 -0.008299050985409026
69.0 -0.008035954662109514
70.0 -0.007782880134648219
71.0 -0.007537776681103176
72.0 -0.0072983620813213594
73.0 -0.007065078618692927
74.0 -0.006838906456254734
75.0 -0.0066165257164395265
76.0 -0.0063982852771760105
77.0 -0.006185661610961312
78.0 -0.005975848667065419
79.0 -0.005769849639282977
80.0 -0.005568940683881745
81.0 -0.0053709778190538255
82.0 -0.005179702765282237
83.0 -0.004994740939190939
84.0 -0.004814576967767093
85.0 -0.0046479750758576
86.0 -0.0044868765808812015
87.0 -0.004341556633079617
88.0 -0.0042072064107223864
89.0 -0.004085182064051011
90.0 -0.003980523949528625
91.0 -0.0038832136412144578
92.0 -0.0038056534807942083
93.0 -0.0037312037657876306
94.0 -0.0036710366787490335
95.0 -0.003611809278081886
96.0 -0.0035568381820655546
97.0 -0.0035006890428079525
98.0 -0.003441278766208845
99.0 -0.0033785167999597666
100.0 -0.003308336470227156
101.0 -0.0032343902821060826
102.0 -0.0031523511563901364
103.0 -0.003068187207109145
104.0 -0.0029786567485327532
105.0 -0.0028890680739009672
106.0 -0.0027992585742728643
107.0 -0.002710116097327051
108.0 -0.002627580369314918
109.0 -0.0025450446413027854
110.0 -0.0024742814167417714
111.0 -0.0024043769792200355
112.0 -0.0023451458509726464
113.0 -0.0022898886465004477
114.0 -0.002241242806360791
115.0 -0.0021997346107362208
116.0 -0.002160243371583875
117.0 -0.002129485284199919
118.0 -0.0020987271968159636
119.0 -0.00207393004544024
120.0 -0.0020502008973614923
121.0 -0.0020280611471936356
122.0 -0.002007778011204839
123.0 -0.0019875142227434818
124.0 -0.0019679700221459095
125.0 -0.0019484258215483375
126.0 -0.0019283009025012625
127.0 -0.0019076851600330228
128.0 -0.0018870553832036113
129.0 -0.0018645746750049052
130.0 -0.001842093966806199
131.0 -0.001818760265256073
132.0 -0.001794257791787881
133.0 -0.001769755318319689
134.0 -0.001743938901146019
135.0 -0.0017177605906652492
136.0 -0.0016914729520423324
137.0 -0.0016641179440367833
138.0 -0.0016367629360312344
139.0 -0.0016092105146912413
140.0 -0.0015812872556100778
141.0 -0.0015533639965289144
142.0 -0.0015254232161928207
143.0 -0.0014974678925256395
144.0 -0.001469512568858458
145.0 -0.0014418607158541042
146.0 -0.0014143459171042253
147.0 -0.0013868311183543463
148.0 -0.0013599673009759615
149.0 -0.0013332939921069918
150.0 -0.001306620683238022
151.0 -0.001280853966943104
152.0 -0.0012553147002112186
153.0 -0.0012297754334793336
154.0 -0.0012052301302306354
155.0 -0.0011809898542585668
156.0 -0.0011567495782864982
157.0 -0.0011334594830825935
158.0 -0.0011106381666708444
159.0 -0.0010878168502590955
160.0 -0.0010657462568300009
161.0 -0.0010443924904830987
162.0 -0.0010230387241361967
163.0 -0.0010021067799760668
164.0 -0.000982209243196431
165.0 -0.000962311706416795
166.0 -0.0009424179968344945
167.0 -0.0009239379701926609
168.0 -0.0009054579435508272
169.0 -0.0008869779169089938
170.0 -0.0008693893387556208
171.0 -0.0008522821835714239
172.0 -0.0008351750283872269
173.0 -0.0008183681420735686
174.0 -0.0008025766848149573
175.0 -0.0007867852275563461
176.0 -0.0007709937702977349
177.0 -0.0007560921544764347
178.0 -0.000741506447626832
179.0 -0.0007269207407772293
180.0 -0.0007125414889890397
181.0 -0.0006991204270368599
182.0 -0.00068569936508468
183.0 -0.0006722783031325002
184.0 -0.0006594711040536352
185.0 -0.0006471772071467388
186.0 -0.0006348833102398424
187.0 -0.000622589413332946
188.0 -0.0006112043976028584
189.0 -0.0005999943571878224
190.0 -0.0005887843167727866
191.0 -0.0005776299148890491
192.0 -0.0005673849889228196
193.0 -0.0005571400629565902
194.0 -0.0005468951369903606
195.0 -0.0005368129991008716
196.0 -0.000527380561027539
197.0 -0.0005179481229542067
198.0 -0.0005085156848808742
199.0 -0.0004992810009932414
200.0 -0.0004905944028679609
201.0 -0.0004819078047426804
202.0 -0.0004732212066173998
203.0 -0.00046471460067747637
204.0 -0.0004567467302391572
205.0 -0.00044877885980083805
206.0 -0.00044081098936251897
207.0 -0.00043295255313921516
208.0 -0.0004256924547570472
209.0 -0.00041843235637487925
210.0 -0.0004111722579927113
211.0 -0.00040391215961054335
212.0 -0.00039730396974936734
213.0 -0.0003907117672232992
214.0 -0.000384119564697231
215.0 -0.0003775273621711628
216.0 -0.00037135443670170904
217.0 -0.0003653502014054026
218.0 -0.00035934596610909616
219.0 -0.00035334173081278975
220.0 -0.00034752946088236744
221.0 -0.00034205258685004254
222.0 -0.00033657571281771765
223.0 -0.00033109883878539286
224.0 -0.00032562196475306797
225.0 -0.0003205629021460534
226.0 -0.00031553670811583165
227.0 -0.00031051051408560986
228.0 -0.00030548432005538813
229.0 -0.00030059911547620556
230.0 -0.0002959249598380559
231.0 -0.0002912508041999062
232.0 -0.0002865766485617565
233.0 -0.0002819024929236069
234.0 -0.0002774688757360466
235.0 -0.000273102126415772
236.0 -0.0002687353770954974
237.0 -0.00026436862777522277
238.0 -0.0002600305468677374
239.0 -0.0002560666145729735
240.0 -0.00025210268227820955
241.0 -0.0002481387499834456
242.0 -0.00024417481768868157
243.0 -0.00024032601325436244
244.0 -0.0002367970384175593
245.0 -0.0002332680635807561
246.0 -0.00022973908874395296
247.0 -0.00022621011390714976
248.0 -0.0002227944721725802
249.0 -0.00021957934550718595
250.0 -0.00021636421884179172
251.0 -0.0002131490921763975
252.0 -0.00020993396551100327
253.0 -0.000206801422132087
254.0 -0.00020381667286116165
255.0 -0.00020083192359023633
256.0 -0.000197847174319311
257.0 -0.0001948624250483857
258.0 -0.00019194227184814004
259.0 -0.0001892110681224234
260.0 -0.00018647986439670672
261.0 -0.00018374866067099005
262.0 -0.0001810174569452734
263.0 -0.00017829879580412097
264.0 -0.00017582905387552946
265.0 -0.00017335931194693792
266.0 -0.0001708895700183464
267.0 -0.00016841982808975486
268.0 -0.00016595008616116332
269.0 -0.0001636376971671157
270.0 -0.00016138175388723315
271.0 -0.0001591258106073506
272.0 -0.00015686986732746803
273.0 -0.0001546139240475855
274.0 -0.00015242445970608073
275.0 -0.00015037843251557097
276.0 -0.00014833240532506118
277.0 -0.00014628637813455142
278.0 -0.00014424035094404164
279.0 -0.00014219432375353185
280.0 -0.00014033306473081711
281.0 -0.00013852153805022583
282.0 -0.0001367100113696345
283.0 -0.0001348984846890432
284.0 -0.00013308695800845193
285.0 -0.00013130522707706152
286.0 -0.00012969575619982036
287.0 -0.0001280862853225792
288.0 -0.00012647681444533803
289.0 -0.00012486734356809687
290.0 -0.00012325787269085574
291.0 -0.00012170096293814092
292.0 -0.00012022521535880353
293.0 -0.00011874946777946615
294.0 -0.00011727372020012877
295.0 -0.00011579797262079139
296.0 -0.00011432222504145401
297.0 -0.0001129063955405387
298.0 -0.00011154534390184686
299.0 -0.00011018429226315503
