10.0 -0.3643746572128097
11.0 -0.32682798444152233
12.0 -0.297058133016904
13.0 -0.26980799101839015
14.0 -0.24695158883848098
15.0 -0.2266287128295752
16.0 -0.20807284203601092
17.0 -0.19234737351869896
18.0 -0.17792072624997562
19.0 -0.16510296734392485
20.0 -0.1535055658167774
21.0 -0.14302056539471128
22.0 -0.13348870653880462
23.0 -0.12484133726585622
24.0 -0.11695109091549614
25.0 -0.10973193276025466
26.0 -0.10311408791826839
27.0 -0.09703276175016183
28.0 -0.09143030238020158
29.0 -0.08628511171507412
30.0 -0.08152609890088147
31.0 -0.07710778909478744
32.0 -0.07302826358438298
33.0 -0.06923093459774371
34.0 -0.06570314252128613
35.0 -0.06241227446547529
36.0 -0.05935121784879168
37.0 -0.05647685864099482
38.0 -0.05380464665961015
39.0 -0.051296963292818805
40.0 -0.04893828052107647
41.0 -0.04672615873564312
42.0 -0.044654941816570766
43.0 -0.04270234976491225
44.0 -0.04086067338274536
45.0 -0.03912294194364768
46.0 -0.03748252478452422
47.0 -0.035932601563496744
48.0 -0.03446723286581839
49.0 -0.03308101072051222
50.0 -0.03176900368428028
51.0 -0.030525946656504998
52.0 -0.02934730133103168
53.0 -0.0282286822077066
54.0 -0.027166284259091317
55.0 -0.02615656571208089
56.0 -0.02519595108621791
57.0 -0.024280990138376434
58.0 -0.023408761278602797
59.0 -0.022576534612409386
60.0 -0.021781653467227848
61.0 -0.021024614147292807
62.0 -0.02030639006671497
63.0 -0.01961864735973491
64.0 -0.01895931167797345
65.0 -0.018326455204985475
66.0 -0.017723411373762245
67.0 -0.017148484838440937
68.0 -0.01659453897287095
69.0 -0.016060069125400006
70.0 -0.015550135432193943
71.0 -0.015060203818114843
72.0 -0.01458482917243562
73.0 -0.014125393302641983
74.0 -0.013685247340068324
75.0 -0.013255322290582029
76.0 -0.012836537576445487
77.0 -0.012432977823205698
78.0 -0.012036382805310582
79.0 -0.011649005698033158
80.0 -0.011272528220373954
81.0 -0.010901275067209745
82.0 -0.01054001791886567
83.0 -0.01018631927426251
84.0 -0.00983836485500473
85.0 -0.009504027512551475
86.0 -0.009174634895670806
87.0 -0.008858819006989482
88.0 -0.008552520203161012
89.0 -0.008256915049358986
90.0 -0.007976985027988033
91.0 -0.0077036872935981335
92.0 -0.00745165856156301
93.0 -0.007203383197434922
94.0 -0.00697699885815463
95.0 -0.006754622340378253
96.0 -0.0065503992297652166
97.0 -0.006351572851617467
98.0 -0.0061676860657937475
99.0 -0.005989743570986119
100.0 -0.005824957697469378
101.0 -0.005666237355087164
102.0 -0.00552055201293275
103.0 -0.005380418980799674
104.0 -0.005254309006312714
105.0 -0.005132471055361047
106.0 -0.0050268377334424215
107.0 -0.004923051669618952
108.0 -0.004837562390559247
109.0 -0.004752073111499543
110.0 -0.004683488352681562
111.0 -0.004616136754078748
112.0 -0.00455933257938408
113.0 -0.004506455458385529
114.0 -0.004458127649160277
115.0 -0.004414711287647303
116.0 -0.004372119724020944
117.0 -0.004333099424931648
118.0 -0.004294079125842352
119.0 -0.004255039833634065
120.0 -0.00421599713848475
121.0 -0.004175547125216747
122.0 -0.004133453189583109
123.0 -0.004091235586206743
124.0 -0.004044418438672251
125.0 -0.003997601291137759
126.0 -0.003948102043779486
127.0 -0.003896335884783498
128.0 -0.00384453671744618
129.0 -0.0037883842223249567
130.0 -0.0037322317272037338
131.0 -0.0036747465971346187
132.0 -0.003615435489991315
133.0 -0.003556124382848012
134.0 -0.0034953873741168117
135.0 -0.0034342576360479006
136.0 -0.0033730840385042538
137.0 -0.003311482241417918
138.0 -0.0032498804443315825
139.0 -0.003188493403291178
140.0 -0.0031275097779936887
141.0 -0.003066526152696199
142.0 -0.0030063829708738723
143.0 -0.0029469373902090363
144.0 -0.0028874918095442006
145.0 -0.002829566298482629
146.0 -0.0027723272854313905
147.0 -0.0027150882723801523
148.0 -0.0026599237418196537
149.0 -0.002605366304771235
150.0 -0.0025508088677228167
151.0 -0.002498629304334311
152.0 -0.0024470463113792883
153.0 -0.0023954633184242657
154.0 -0.0023462733111664007
155.0 -0.002297817662788478
156.0 -0.002249362014410555
157.0 -0.002203029497871186
158.0 -0.0021577444443117164
159.0 -0.002112459390752247
160.0 -0.0020687856552030763
161.0 -0.002026650485029542
162.0 -0.001984515314856008
163.0 -0.0019432688466202227
164.0 -0.0019042016849081193
165.0 -0.0018651345231960157
166.0 -0.0018260752780055484
167.0 -0.0017899402226604858
168.0 -0.001753805167315423
169.0 -0.0017176701119703604
170.0 -0.0016833586202066385
171.0 -0.001650031936208227
172.0 -0.0016167052522098153
173.0 -0.0015839825251294203
174.0 -0.0015533022189015433
175.0 -0.0015226219126736663
176.0 -0.0014919416064457893
177.0 -0.0014630805119739158
178.0 -0.001434865268876278
179.0 -0.0014066500257786405
180.0 -0.001378840161403357
181.0 -0.0013529117223069495
182.0 -0.001326983283210542
183.0 -0.0013010548441141341
184.0 -0.0012763030155233245
185.0 -0.0012525350495414772
186.0 -0.0012287670835596299
187.0 -0.0012049991175777826
188.0 -0.0011829070289795555
189.0 -0.0011611375757055815
190.0 -0.0011393681224316076
191.0 -0.001117705076903126
192.0 -0.0010977813886096988
193.0 -0.0010778577003162713
194.0 -0.0010579340120228443
195.0 -0.0010383452919238917
196.0 -0.0010200934558199251
197.0 -0.0010018416197159585
198.0 -0.0009835897836119917
199.0 -0.0009657475889670762
200.0 -0.0009490407364165932
201.0 -0.0009323338838661103
202.0 -0.0009156270313156274
203.0 -0.0008992771833611249
204.0 -0.0008839958876313141
205.0 -0.0008687145919015034
206.0 -0.0008534332961716927
207.0 -0.0008383540563857093
208.0 -0.0008243795690503312
209.0 -0.000810405081714953
210.0 -0.000796430594379575
211.0 -0.0007824561070441967
212.0 -0.0007696614283690513
213.0 -0.0007568956831957807
214.0 -0.0007441299380225101
215.0 -0.0007313641928492395
216.0 -0.0007193735512355158
217.0 -0.0007076947615383336
218.0 -0.0006960159718411514
219.0 -0.0006843371821439692
220.0 -0.0006730250287270644
221.0 -0.0006623534507802835
222.0 -0.0006516818728335026
223.0 -0.0006410102948867217
224.0 -0.0006303387169399408
225.0 -0.0006205339616924666
226.0 -0.0006107973980422825
227.0 -0.0006010608343920982
228.0 -0.000591324270741914
229.0 -0.0005819138804597667
230.0 -0.0005729917433299648
231.0 -0.0005640696062001628
232.0 -0.0005551474690703609
233.0 -0.0005462253319405589
234.0 -0.0005378504377956933
235.0 -0.0005296276730555033
236.0 -0.0005214049083153131
237.0 -0.000513182143575123
238.0 -0.0005050064671992238
239.0 -0.0004974453363966785
240.0 -0.0004898842055941333
241.0 -0.00048232307479158807
242.0 -0.00047476194398904284
243.0 -0.00046735910374978733
244.0 -0.0004603960007466094
245.0 -0.0004534328977434315
246.0 -0.00044646979474025354
247.0 -0.00043950669173707565
248.0 -0.00043273805577099996
249.0 -0.00042631348143059563
250.0 -0.00041988890709019136
251.0 -0.00041346433274978703
252.0 -0.00040703975840938276
253.0 -0.0004008005808957973
254.0 -0.0003948931964097437
255.0 -0.0003889858119236901
256.0 -0.0003830784274376365
257.0 -0.000377171042951583
258.0 -0.00037140351433629173
259.0 -0.0003660450770637446
260.0 -0.0003606866397911974
261.0 -0.0003553282025186502
262.0 -0.00034996976524610297
263.0 -0.000344638308469794
264.0 -0.00033984230464129665
265.0 -0.00033504630081279923
266.0 -0.0003302502969843019
267.0 -0.0003254542931558045
268.0 -0.0003206582893273071
269.0 -0.00031622786966738984
270.0 -0.00031192859252186404
271.0 -0.00030762931537633824
272.0 -0.00030333003823081243
273.0 -0.00029903076108528663
274.0 -0.00029487077647121325
275.0 -0.00029101133401912284
276.0 -0.0002871518915670325
277.0 -0.0002832924491149422
278.0 -0.00027943300666285185
279.0 -0.00027557356421076154
280.0 -0.00027202170831385836
281.0 -0.0002685526426506718
282.0 -0.0002650835769874853
283.0 -0.00026161451132429873
284.0 -0.00025814544566111217
285.0 -0.0002547254570403977
286.0 -0.0002515892006372128
287.0 -0.0002484529442340279
288.0 -0.000245316687830843
289.0 -0.00024218043142765807
290.0 -0.00023904417502447318
291.0 -0.00023601779006000373
292.0 -0.0002331610628956407
293.0 -0.00023030433573127765
294.0 -0.0002274476085669146
295.0 -0.00022459088140255155
296.0 -0.0002217341542381885
297.0 -0.0002190085475301768
298.0 -0.00021640281279539656
299.0 -0.00021379707806061637
