10.0 0.04930515513034577
11.0 0.024480514230646185
12.0 0.0054667671420622795
13.0 -0.009074584072587653
14.0 -0.019910641480923336
15.0 -0.02788536781868063
16.0 -0.03363611140605574
17.0 -0.037564868159158764
18.0 -0.04015646485235275
19.0 -0.04168832647753033
20.0 -0.04244204011611128
21.0 -0.042588308502182814
22.0 -0.042297075947223414
23.0 -0.04166686499397586
24.0 -0.040800470600548144
25.0 -0.03976846747883082
26.0 -0.03862382312783677
27.0 -0.0374079924612109
28.0 -0.03615199187382875
29.0 -0.034879129295862434
30.0 -0.03360843996954284
31.0 -0.03235178891442519
32.0 -0.031120833094381694
33.0 -0.029920066673346884
34.0 -0.028755617945570112
35.0 -0.027629371143345773
36.0 -0.02654542021409316
37.0 -0.025499800094597364
38.0 -0.024500254990428648
39.0 -0.023540820011255074
40.0 -0.02262012746461995
41.0 -0.02173989131684139
42.0 -0.020900672284277947
43.0 -0.02009769258411578
44.0 -0.019329867801882384
45.0 -0.018595897481371696
46.0 -0.01789453034342206
47.0 -0.01722472176369461
48.0 -0.016585244431843907
49.0 -0.01597460956079526
50.0 -0.015391506770328064
51.0 -0.014834333211518707
52.0 -0.014302333361676326
53.0 -0.013794137896632886
54.0 -0.013308416849989636
55.0 -0.012843836260978262
56.0 -0.012399350838228665
57.0 -0.01197397128575556
58.0 -0.011566602112189578
59.0 -0.011176173912387611
60.0 -0.010801705031806483
61.0 -0.01044344334104424
62.0 -0.010102200621611037
63.0 -0.009774344654371618
64.0 -0.009459019666229387
65.0 -0.009155425670617492
66.0 -0.008865101750044081
67.0 -0.008587356875573986
68.0 -0.008318968066275028
69.0 -0.008059270505018668
70.0 -0.0078105909065836815
71.0 -0.00757086538338328
72.0 -0.007337601014317564
73.0 -0.007111362917624618
74.0 -0.006893377602937545
75.0 -0.006679757855245183
76.0 -0.006470893965152964
77.0 -0.006268167683282634
78.0 -0.006068232675797697
79.0 -0.005871985569907476
80.0 -0.005679780371972117
81.0 -0.005489705727319149
82.0 -0.005304108595161506
83.0 -0.005122259401217856
84.0 -0.0049432585225519
85.0 -0.004772082780777357
86.0 -0.004604176283127792
87.0 -0.004445739833456091
88.0 -0.004294156789364622
89.0 -0.0041502744143222725
90.0 -0.0040180269148990784
91.0 -0.003890702234114543
92.0 -0.0037780589554285283
93.0 -0.0036678854379546917
94.0 -0.0035708701842171535
95.0 -0.0034755907205675585
96.0 -0.0033881735093126155
97.0 -0.0033021654073349944
98.0 -0.0032200580950071476
99.0 -0.0031387420201499177
100.0 -0.00305917720742368
101.0 -0.0029803273755963635
102.0 -0.002903014058210009
103.0 -0.0028270084707217305
104.0 -0.0027543057196521285
105.0 -0.0026832280304218557
106.0 -0.0026183145217127117
107.0 -0.002554367242367773
108.0 -0.002499990304468713
109.0 -0.0024456133665696524
110.0 -0.002401937696851525
111.0 -0.0023590426691145853
112.0 -0.0023236345390664466
113.0 -0.0022910139569065208
114.0 -0.0022620832659126498
115.0 -0.002237136190117994
116.0 -0.0022130085180190997
117.0 -0.0021924287543323155
118.0 -0.0021718489906455314
119.0 -0.0021524372133799896
120.0 -0.002133234700791502
121.0 -0.0021136216487269307
122.0 -0.0020935290355611784
123.0 -0.0020733807291427883
124.0 -0.0020511610371782224
125.0 -0.002028941345213657
126.0 -0.002005300358386641
127.0 -0.0019804580926826233
128.0 -0.001955597831994794
129.0 -0.0019283642904983898
130.0 -0.0019011307490019854
131.0 -0.001873104874183086
132.0 -0.0018439933438481864
133.0 -0.001814881813513287
134.0 -0.0017848650094492793
135.0 -0.0017545988701190107
136.0 -0.0017242872588423242
137.0 -0.0016935317054806273
138.0 -0.0016627761521189302
139.0 -0.0016320687564474942
140.0 -0.0016014518242147453
141.0 -0.001570834891981996
142.0 -0.0015405513581716304
143.0 -0.0015105445581717269
144.0 -0.0014805377581718234
145.0 -0.0014512140596331276
146.0 -0.0014221988652530363
147.0 -0.001393183670872945
148.0 -0.001365152394285348
149.0 -0.001337409059442697
150.0 -0.001309665724600046
151.0 -0.001283087190643419
152.0 -0.0012568008865815978
153.0 -0.0012305145825197764
154.0 -0.0012054110649905143
155.0 -0.001180670520710233
156.0 -0.0011559299764299516
157.0 -0.0011322552010747191
158.0 -0.0011091062307937848
159.0 -0.0010859572605128507
160.0 -0.0010636209978150612
161.0 -0.0010420607481326735
162.0 -0.0010205004984502857
163.0 -0.0009993875349228161
164.0 -0.0009793714224248773
165.0 -0.0009593553099269384
166.0 -0.0009393432167573528
167.0 -0.0009208157755215492
168.0 -0.0009022883342857455
169.0 -0.0008837608930499418
170.0 -0.0008661584285426804
171.0 -0.0008490554937882177
172.0 -0.0008319525590337551
173.0 -0.0008151580261792429
174.0 -0.0007994064261112011
175.0 -0.0007836548260431594
176.0 -0.0007679032259751178
177.0 -0.0007530697021866883
178.0 -0.0007385621112232223
179.0 -0.0007240545202597564
180.0 -0.000709755027666607
181.0 -0.0006964213517599697
182.0 -0.0006830876758533324
183.0 -0.0006697539999466949
184.0 -0.0006570241260982903
185.0 -0.0006447991417315649
186.0 -0.0006325741573648397
187.0 -0.0006203491729981143
188.0 -0.0006090074858793296
189.0 -0.0005978358487276765
190.0 -0.0005866642115760233
191.0 -0.0005755473000330728
192.0 -0.0005653249416356595
193.0 -0.0005551025832382462
194.0 -0.0005448802248408329
195.0 -0.0005348261067807284
196.0 -0.0005254434489307834
197.0 -0.0005160607910808384
198.0 -0.0005066781332308933
199.0 -0.0004975004175878405
200.0 -0.0004888907096726908
201.0 -0.00048028100175754104
202.0 -0.0004716712938423913
203.0 -0.00046324394023704166
204.0 -0.0004553623922196677
205.0 -0.0004474808442022938
206.0 -0.0004395992961849198
207.0 -0.00043182421958124964
208.0 -0.0004246312815327767
209.0 -0.0004174383434843038
210.0 -0.00041024540543583085
211.0 -0.0004030524673873579
212.0 -0.00039647490494744127
213.0 -0.00038991243391338045
214.0 -0.00038334996287931963
215.0 -0.0003767874918452588
216.0 -0.00037062742753835677
217.0 -0.00036462926586697725
218.0 -0.0003586311041955978
219.0 -0.00035263294252421825
220.0 -0.00034682417231724025
221.0 -0.00034134630096799274
222.0 -0.0003358684296187453
223.0 -0.0003303905582694978
224.0 -0.00032491268692025035
225.0 -0.000319874724652485
226.0 -0.00031487136934984947
227.0 -0.000309868014047214
228.0 -0.00030486465874457843
229.0 -0.00030001982152165073
230.0 -0.0002954122720717465
231.0 -0.0002908047226218423
232.0 -0.00028619717317193813
233.0 -0.00028158962372203393
234.0 -0.00027724474536215714
235.0 -0.0002729728875756843
236.0 -0.0002687010297892114
237.0 -0.0002644291720027385
238.0 -0.000260182657517712
239.0 -0.0002562668959469675
240.0 -0.00025235113437622304
241.0 -0.0002484353728054785
242.0 -0.00024451961123473406
243.0 -0.00024069779536957714
244.0 -0.00023713696426597435
245.0 -0.00023357613316237153
246.0 -0.00023001530205876868
247.0 -0.00022645447095516588
248.0 -0.00022299482349276626
249.0 -0.0002197141956143665
250.0 -0.00021643356773596678
251.0 -0.00021315293985756703
252.0 -0.00020987231197916727
253.0 -0.00020668031492347593
254.0 -0.0002036469348705869
255.0 -0.00020061355481769785
256.0 -0.0001975801747648088
257.0 -0.00019454679471191973
258.0 -0.0001915846714043263
259.0 -0.00018883098065986835
260.0 -0.0001860772899154104
261.0 -0.00018332359917095248
262.0 -0.00018056990842649454
263.0 -0.00017783002819436253
264.0 -0.0001753642303760762
265.0 -0.00017289843255778988
266.0 -0.00017043263473950356
267.0 -0.00016796683692121725
268.0 -0.00016550103910293094
269.0 -0.0001632146887682594
270.0 -0.00016099270991415236
271.0 -0.00015877073106004534
272.0 -0.0001565487522059383
273.0 -0.0001543267733518313
274.0 -0.00015217346676410222
275.0 -0.00015016832972423267
276.0 -0.0001481631926843631
277.0 -0.00014615805564449354
278.0 -0.000144152918604624
279.0 -0.00014214778156475442
280.0 -0.0001403087042170952
281.0 -0.00013851432362388497
282.0 -0.00013671994303067473
283.0 -0.00013492556243746448
284.0 -0.00013313118184425426
285.0 -0.00013136335447347112
286.0 -0.0001297490409311973
287.0 -0.00012813472738892352
288.0 -0.00012652041384664974
289.0 -0.00012490610030437596
290.0 -0.00012329178676210217
291.0 -0.00012173229640633031
292.0 -0.00012025746118318878
293.0 -0.00011878262596004723
294.0 -0.00011730779073690569
295.0 -0.00011583295551376414
296.0 -0.00011435812029062259
297.0 -0.0001129498871082248
298.0 -0.0001116025423506187
299.0 -0.0001102551975930126
