10.0 -0.01957450121662293
11.0 -0.0367655997867424
12.0 -0.048174899556286635
13.0 -0.05563000542275108
14.0 -0.06004669255999745
15.0 -0.0623571644675239
16.0 -0.06319396620885777
17.0 -0.0628877173805391
18.0 -0.06186834563247888
19.0 -0.06033097853980952
20.0 -0.05847172058116375
21.0 -0.05640534418312358
22.0 -0.05422752119359686
23.0 -0.05199991381204534
24.0 -0.049771292934133904
25.0 -0.047574399769916245
26.0 -0.04543132667202067
27.0 -0.04335718908481233
28.0 -0.04136061558662867
29.0 -0.03945281003364573
30.0 -0.0376309496511679
31.0 -0.03589325322620991
32.0 -0.03424714369056637
33.0 -0.03268275685761378
34.0 -0.031201500070419348
35.0 -0.02979730275129213
36.0 -0.028471141506078854
37.0 -0.02721076164679377
38.0 -0.026024767699348167
39.0 -0.024900530739194737
40.0 -0.02383370900275428
41.0 -0.02282479018192421
42.0 -0.02187272578362829
43.0 -0.020969518922323342
44.0 -0.020112691807488207
45.0 -0.019299676740829056
46.0 -0.018528080842287784
47.0 -0.017795865372025006
48.0 -0.017100900598070075
49.0 -0.016440881135009435
50.0 -0.015813814614081323
51.0 -0.015217386147553932
52.0 -0.01465034223629354
53.0 -0.01411076856249128
54.0 -0.013596892269640363
55.0 -0.013106962189640175
56.0 -0.012639571549712068
57.0 -0.012193398653636
58.0 -0.011767030627074557
59.0 -0.011359119872506917
60.0 -0.010968445196559196
61.0 -0.010595088646317584
62.0 -0.010239685927210548
63.0 -0.009898217677796594
64.0 -0.009569666580765005
65.0 -0.00925309840168784
66.0 -0.008949929937059866
67.0 -0.00865929238935603
68.0 -0.008377894632137364
69.0 -0.008105048339294792
70.0 -0.00784300761263165
71.0 -0.0075898192147252335
72.0 -0.007343125804529624
73.0 -0.007103589612698385
74.0 -0.006872987071944464
75.0 -0.006647504911242187
76.0 -0.006427732774826652
77.0 -0.00621654595836223
78.0 -0.006009868699500043
79.0 -0.005809386415350081
80.0 -0.005617002061936764
81.0 -0.005428921858772294
82.0 -0.0052499543298309735
83.0 -0.005077992154719435
84.0 -0.004911353828401486
85.0 -0.00475673511676963
86.0 -0.004606358073974772
87.0 -0.004467485437555802
88.0 -0.0043353852274017925
89.0 -0.004210894695781397
90.0 -0.004096164334607089
91.0 -0.003985563587754517
92.0 -0.0038858815942570723
93.0 -0.003788003219654477
94.0 -0.003699375864880532
95.0 -0.003611962866165219
96.0 -0.0035300502870549365
97.0 -0.003449187235533174
98.0 -0.0033712295558092848
99.0 -0.0032938458385568803
100.0 -0.0032177324842211064
101.0 -0.0031418678974410984
102.0 -0.0030665379192673556
103.0 -0.002991582818966594
104.0 -0.002917574519907636
105.0 -0.002844135907705413
106.0 -0.0027728582302691445
107.0 -0.0027020276203818957
108.0 -0.002635625140348688
109.0 -0.0025692226603154806
110.0 -0.002509237993520276
111.0 -0.002449721496885496
112.0 -0.002396108982043859
113.0 -0.0023446946583173677
114.0 -0.002297311749781975
115.0 -0.0022542811665881395
116.0 -0.002212658180337443
117.0 -0.0021771299005925357
118.0 -0.002141601620847629
119.0 -0.0021110870577653804
120.0 -0.00208147078748789
121.0 -0.0020536500276781043
122.0 -0.0020279266471149777
123.0 -0.0020022560045541765
124.0 -0.001978546833636315
125.0 -0.0019548376627184527
126.0 -0.001931349640377515
127.0 -0.0019080485328852531
128.0 -0.0018847431382794204
129.0 -0.0018608723347536705
130.0 -0.0018370015312279206
131.0 -0.0018126704133484325
132.0 -0.0017877085725105106
133.0 -0.001762746731672589
134.0 -0.0017369141334437888
135.0 -0.0017108417066206945
136.0 -0.0016846865517986288
137.0 -0.0016577237244829637
138.0 -0.0016307608971672985
139.0 -0.0016036321295785558
140.0 -0.0015761916458830437
141.0 -0.001548751162187532
142.0 -0.0015212849573351785
143.0 -0.0014937974029104683
144.0 -0.0014663098484857585
145.0 -0.0014390901354594274
146.0 -0.0014119913857012767
147.0 -0.001384892635943126
148.0 -0.0013583748756261966
149.0 -0.0013320271408081212
150.0 -0.0013056794059900462
151.0 -0.0012801601552763294
152.0 -0.0012548487579610512
153.0 -0.0012295373606457732
154.0 -0.0012051684081938888
155.0 -0.0011810886729968807
156.0 -0.0011570089377998724
157.0 -0.0011338379361560391
158.0 -0.0011111152650106978
159.0 -0.0010883925938653567
160.0 -0.001066395161134873
161.0 -0.0010450902215727456
162.0 -0.0010237852820106181
163.0 -0.0010028929813786327
164.0 -0.0009830125686183689
165.0 -0.0009631321558581049
166.0 -0.0009432555274263199
167.0 -0.0009247767471175566
168.0 -0.0009062979668087933
169.0 -0.00088781918650003
170.0 -0.0008702219823275187
171.0 -0.0008531008696023124
172.0 -0.0008359797568771063
173.0 -0.0008191568403462174
174.0 -0.0008033423436334441
175.0 -0.0007875278469206707
176.0 -0.0007717133502078976
177.0 -0.000756810078106984
178.0 -0.0007422303063714704
179.0 -0.0007276505346359567
180.0 -0.0007132787587974429
181.0 -0.0006998723240509453
182.0 -0.0006864658893044476
183.0 -0.0006730594545579499
184.0 -0.0006602569196709404
185.0 -0.0006479593560454328
186.0 -0.000635661792419925
187.0 -0.0006233642287944173
188.0 -0.0006119370681290975
189.0 -0.0006006774750579441
190.0 -0.0005894178819867906
191.0 -0.0005782126313083326
192.0 -0.0005678956696681162
193.0 -0.0005575787080278999
194.0 -0.0005472617463876836
195.0 -0.0005371160529227166
196.0 -0.0005276539040035245
197.0 -0.0005181917550843323
198.0 -0.0005087296061651401
199.0 -0.0004994751350982404
200.0 -0.0004907962537393138
201.0 -0.00048211737238038717
202.0 -0.0004734384910214606
203.0 -0.00046494241391802283
204.0 -0.0004569934891372303
205.0 -0.0004490445643564378
206.0 -0.0004410956395756453
207.0 -0.00043325334010101704
208.0 -0.00042599402059743236
209.0 -0.00041873470109384756
210.0 -0.0004114753815902629
211.0 -0.0004042160620866781
212.0 -0.00039758749247413783
213.0 -0.000390974391304719
214.0 -0.00038436129013530017
215.0 -0.0003777481889658813
216.0 -0.0003715495604778479
217.0 -0.00036551768919077426
218.0 -0.0003594858179037007
219.0 -0.00035345394661662714
220.0 -0.00034760966920871836
221.0 -0.00034209314997369825
222.0 -0.000336576630738678
223.0 -0.0003310601115036578
224.0 -0.0003255435922686376
225.0 -0.000320451406513429
226.0 -0.000315392602414925
227.0 -0.0003103337983164211
228.0 -0.0003052749942179171
229.0 -0.00030037239800430955
230.0 -0.000295703631403098
231.0 -0.0002910348648018864
232.0 -0.0002863660982006749
233.0 -0.0002816973315994633
234.0 -0.00027731024265715556
235.0 -0.00027300145797043245
236.0 -0.0002686926732837093
237.0 -0.00026438388859698623
238.0 -0.0002601017632251334
239.0 -0.00025616756592827106
240.0 -0.0002522333686314086
241.0 -0.0002482991713345462
242.0 -0.0002443649740376838
243.0 -0.0002405270098698625
244.0 -0.00023695638501339475
245.0 -0.000233385760156927
246.0 -0.00022981513530045928
247.0 -0.00022624451044399153
248.0 -0.00022278919906626365
249.0 -0.00021953790654719813
250.0 -0.00021628661402813264
251.0 -0.00021303532150906713
252.0 -0.00020978402899000164
253.0 -0.00020662946684761523
254.0 -0.00020364801696978773
255.0 -0.0002006665670919602
256.0 -0.0001976851172141327
257.0 -0.0001947036673363052
258.0 -0.0001917866179077883
259.0 -0.00018905794574322312
260.0 -0.00018632927357865794
261.0 -0.00018360060141409275
262.0 -0.00018087192924952757
263.0 -0.00017815542992093847
264.0 -0.0001756805118015709
265.0 -0.00017320559368220337
266.0 -0.00017073067556283586
267.0 -0.00016825575744346832
268.0 -0.00016578083932410078
269.0 -0.00016347479140113512
270.0 -0.0001612293206695942
271.0 -0.00015898384993805328
272.0 -0.00015673837920651234
273.0 -0.0001544929084749714
274.0 -0.00015231646248884689
275.0 -0.00015028894657098576
276.0 -0.00014826143065312458
277.0 -0.00014623391473526343
278.0 -0.0001442063988174023
279.0 -0.00014217888289954112
280.0 -0.00014031977501343098
281.0 -0.00013850599596264632
282.0 -0.00013669221691186163
283.0 -0.00013487843786107696
284.0 -0.0001330646588102923
285.0 -0.00013127842497543462
286.0 -0.00012965144004400768
287.0 -0.0001280244551125807
288.0 -0.00012639747018115377
289.0 -0.00012477048524972683
290.0 -0.00012314350031829987
291.0 -0.00012157463196462851
292.0 -0.00012009550422823669
293.0 -0.00011861637649184487
294.0 -0.00011713724875545303
295.0 -0.00011565812101906122
296.0 -0.0001141789932826694
297.0 -0.00011276505901385018
298.0 -0.00011141072543448247
299.0 -0.00011005639185511477
