10.0 0.049177762601736195
11.0 0.024339577268196928
12.0 0.005293412755727931
13.0 -0.009293664558799984
14.0 -0.02018198339814234
15.0 -0.028209073635620283
16.0 -0.03400709712228723
17.0 -0.0379743419269353
18.0 -0.040593672217094465
19.0 -0.042141739506471446
20.0 -0.042900836021346776
21.0 -0.04304244008939197
22.0 -0.0427383250016295
23.0 -0.042088312258585385
24.0 -0.041197117776942294
25.0 -0.040136887583650686
26.0 -0.03896195627960989
27.0 -0.037714939567695886
28.0 -0.03642777982565128
29.0 -0.03512458857699272
30.0 -0.033824906266580315
31.0 -0.03254089433610004
32.0 -0.031284630081391096
33.0 -0.030060572828451558
34.0 -0.028874984031603834
35.0 -0.027729653575872662
36.0 -0.0266287277606053
37.0 -0.025567907150112788
38.0 -0.02455512856814753
39.0 -0.023584067063736613
40.0 -0.02265319874714169
41.0 -0.021764196166984398
42.0 -0.02091753629993867
43.0 -0.020108198691275125
44.0 -0.01933499539218576
45.0 -0.018596527212766126
46.0 -0.01789144979819323
47.0 -0.017218631465318785
48.0 -0.0165767637901453
49.0 -0.01596428266071182
50.0 -0.01537980894719738
51.0 -0.01482167216223022
52.0 -0.01428906018643721
53.0 -0.013780546895608672
54.0 -0.013294749431407323
55.0 -0.01283028266884678
56.0 -0.012386050755631818
57.0 -0.011961013691103226
58.0 -0.0115540248070115
59.0 -0.011163963263320894
60.0 -0.010789796384793274
61.0 -0.010431705465189836
62.0 -0.010090394987506367
63.0 -0.00976219244502876
64.0 -0.009446183690006415
65.0 -0.009141517266502258
66.0 -0.008849563851989498
67.0 -0.008569494289036054
68.0 -0.00829815555081547
69.0 -0.008034864997044032
70.0 -0.007781641390032276
71.0 -0.007536462384752397
72.0 -0.007297046412454549
73.0 -0.007063860787148169
74.0 -0.0068379871395970095
75.0 -0.006616068310048855
76.0 -0.00639848691141413
77.0 -0.006186945581334084
78.0 -0.005978477684938324
79.0 -0.0057741982828285075
80.0 -0.005575545116274156
81.0 -0.005380092762903625
82.0 -0.005191810891553042
83.0 -0.005009993839726102
84.0 -0.004833089847604357
85.0 -0.004669385608538226
86.0 -0.004510866777828148
87.0 -0.004367038227448032
88.0 -0.004233031059819451
89.0 -0.004110059459441183
90.0 -0.004002240008881511
91.0 -0.003900831566740348
92.0 -0.0038165175663060977
93.0 -0.003734920869436827
94.0 -0.003666091099985759
95.0 -0.0035983006271239474
96.0 -0.003535217642889011
97.0 -0.0034716756286341543
98.0 -0.0034068628970691088
99.0 -0.0033399289832386973
100.0 -0.003268300213170792
101.0 -0.003194121416358866
102.0 -0.0031144625389980187
103.0 -0.003033405818605155
104.0 -0.0029488186697342596
105.0 -0.0028643450255077625
106.0 -0.0027803019268156704
107.0 -0.002696865997658914
108.0 -0.0026194439819516506
109.0 -0.0025420219662443864
110.0 -0.0024749984383598926
111.0 -0.002408733465068936
112.0 -0.0023519548596645954
113.0 -0.0022987082518737254
114.0 -0.0022514343266834724
115.0 -0.002210608523705274
116.0 -0.002171635920619118
117.0 -0.0021406874252106693
118.0 -0.0021097389298022204
119.0 -0.002084369596825601
120.0 -0.0020599998659019693
121.0 -0.0020371554829067607
122.0 -0.0020160928957554396
123.0 -0.0019950508040163842
124.0 -0.0019747709931411802
125.0 -0.001954491182265976
126.0 -0.001933694712594018
127.0 -0.0019124615627400976
128.0 -0.001891215462014228
129.0 -0.0018682613266397805
130.0 -0.0018453071912653332
131.0 -0.001821551443326754
132.0 -0.0017966973254506299
133.0 -0.001771843207574506
134.0 -0.0017457479338879932
135.0 -0.0017193108145204402
136.0 -0.0016927712778396255
137.0 -0.0016652318421183563
138.0 -0.0016376924063970873
139.0 -0.0016099751003014289
140.0 -0.001581923667597528
141.0 -0.0015538722348936275
142.0 -0.0015258248921414814
143.0 -0.0014977809442102395
144.0 -0.0014697369962789978
145.0 -0.0014420228856919758
146.0 -0.0014144577371525172
147.0 -0.0013868925886130585
148.0 -0.0013599919746059253
149.0 -0.001333285835415971
150.0 -0.0013065796962260165
151.0 -0.001280785152240811
152.0 -0.0012552193128985926
153.0 -0.0012296534735563736
154.0 -0.0012050926631716002
155.0 -0.0011808402758335568
156.0 -0.0011565878884955134
157.0 -0.0011332890067269317
158.0 -0.0011104605440661055
159.0 -0.001087632081405279
160.0 -0.0010655546476705953
161.0 -0.0010441943331479346
162.0 -0.001022834018625274
163.0 -0.0010018958568011919
164.0 -0.000981992912850419
165.0 -0.0009620899688996462
166.0 -0.0009421908721817489
167.0 -0.0009237128590943145
168.0 -0.00090523484600688
169.0 -0.0008867568329194456
170.0 -0.0008691707089849116
171.0 -0.0008520662459985123
172.0 -0.0008349617830121128
173.0 -0.0008181564266549086
174.0 -0.0008023625689632066
175.0 -0.0007865687112715044
176.0 -0.0007707748535798024
177.0 -0.000755881014446121
178.0 -0.0007413066973365345
179.0 -0.0007267323802269478
180.0 -0.0007123651146988947
181.0 -0.0006989588075488885
182.0 -0.0006855525003988823
183.0 -0.0006721461932488762
184.0 -0.0006593506721552252
185.0 -0.0006470658804491367
186.0 -0.0006347810887430482
187.0 -0.0006224962970369598
188.0 -0.0006111105126927886
189.0 -0.0005998978027838672
190.0 -0.0005886850928749459
191.0 -0.000577527454343454
192.0 -0.000567270020945837
193.0 -0.0005570125875482199
194.0 -0.0005467551541506029
195.0 -0.0005366636523175323
196.0 -0.0005272343962037988
197.0 -0.0005178051400900653
198.0 -0.0005083758839763317
199.0 -0.0004991460940458393
200.0 -0.0004904691347657744
201.0 -0.0004817921754857096
202.0 -0.0004731152162056448
203.0 -0.000464618779342729
204.0 -0.0004566626650208203
205.0 -0.0004487065506989116
206.0 -0.00044075043637700284
207.0 -0.00043290312666733564
208.0 -0.00042565071240956197
209.0 -0.0004183982981517883
210.0 -0.00041114588389401464
211.0 -0.000403893469636241
212.0 -0.0003972834508788816
213.0 -0.00039068918616032706
214.0 -0.0003840949214417725
215.0 -0.000377500656723218
216.0 -0.00037132624372726054
217.0 -0.00036532075211315266
218.0 -0.0003593152604990447
219.0 -0.0003533097688849368
220.0 -0.00034749492920545743
221.0 -0.00034201319063796365
222.0 -0.0003365314520704699
223.0 -0.00033104971350297614
224.0 -0.0003255679749354824
225.0 -0.0003205047480273375
226.0 -0.00031547444478231113
227.0 -0.0003104441415372847
228.0 -0.00030541383829225835
229.0 -0.00030052766851985973
230.0 -0.0002958572540152579
231.0 -0.000291186839510656
232.0 -0.0002865164250060542
233.0 -0.0002818460105014524
234.0 -0.00027742960785603595
235.0 -0.0002730838185834393
236.0 -0.00026873802931084274
237.0 -0.0002643922400382461
238.0 -0.00026007430375599253
239.0 -0.00025611987408896567
240.0 -0.0002521654444219388
241.0 -0.000248211014754912
242.0 -0.00024425658508788514
243.0 -0.0002404116267420435
244.0 -0.0002368707839114119
245.0 -0.0002333299410807803
246.0 -0.00022978909825014876
247.0 -0.00022624825541951715
248.0 -0.00022282087899164787
249.0 -0.00021959425347547662
250.0 -0.00021636762795930535
251.0 -0.0002131410024431341
252.0 -0.00020991437692696285
253.0 -0.0002067740452265298
254.0 -0.00020378814813467303
255.0 -0.00020080225104281626
256.0 -0.0001978163539509595
257.0 -0.00019483045685910272
258.0 -0.0001919093032726263
259.0 -0.00018917753042079933
260.0 -0.00018644575756897235
261.0 -0.00018371398471714534
262.0 -0.00018098221186531836
263.0 -0.0001782629059193066
264.0 -0.0001757910172709579
265.0 -0.0001733191286226092
266.0 -0.0001708472399742605
267.0 -0.00016837535132591176
268.0 -0.00016590346267756305
269.0 -0.00016359391941067484
270.0 -0.00016134261275071426
271.0 -0.0001590913060907537
272.0 -0.00015683999943079312
273.0 -0.00015458869277083253
274.0 -0.00015240453355020743
275.0 -0.00015036525386030153
276.0 -0.0001483259741703956
277.0 -0.0001462866944804897
278.0 -0.00014424741479058381
279.0 -0.00014220813510067788
280.0 -0.0001403487839996427
281.0 -0.00013853786261594625
282.0 -0.0001367269412322498
283.0 -0.0001349160198485534
284.0 -0.00013310509846485693
285.0 -0.00013132325703710292
286.0 -0.00012970953740254612
287.0 -0.0001280958177679893
288.0 -0.0001264820981334325
289.0 -0.0001248683784988757
290.0 -0.0001232546588643189
291.0 -0.00012169512219695338
292.0 -0.00012021925206863003
293.0 -0.00011874338194030668
294.0 -0.00011726751181198333
295.0 -0.00011579164168365997
296.0 -0.00011431577155533663
297.0 -0.00011290096797385739
298.0 -0.00011154199219890304
299.0 -0.00011018301642394871
