10.0 0.12915709213689075
11.0 0.10298847838088414
12.0 0.08059883969669518
13.0 0.06148195570204364
14.0 0.04537377383146013
15.0 0.031852948193311865
16.0 0.02056415235410584
17.0 0.011266196073406967
18.0 0.0036129548127934326
19.0 -0.0026122778438780526
20.0 -0.007668368559253989
21.0 -0.011708598660006668
22.0 -0.014927820665278955
23.0 -0.017425053160212322
24.0 -0.019341032495765558
25.0 -0.020776206569026637
26.0 -0.02181274739842419
27.0 -0.02252188326849297
28.0 -0.022963857127478792
29.0 -0.02317549616335637
30.0 -0.0232131109595694
31.0 -0.0231128588596797
32.0 -0.022891734441859973
33.0 -0.02258350932425758
34.0 -0.02220334577723452
35.0 -0.021770194844027146
36.0 -0.021294529090367224
37.0 -0.0207914131073468
38.0 -0.020266113858142434
39.0 -0.019728360128510147
40.0 -0.01918385414498629
41.0 -0.018637140794243535
42.0 -0.018092530120861018
43.0 -0.01755306693001165
44.0 -0.01702106063607252
45.0 -0.01649829332811666
46.0 -0.015986261391847074
47.0 -0.015486316822890376
48.0 -0.014999397630172166
49.0 -0.014525987515315029
50.0 -0.01406645944658669
51.0 -0.013620853116763459
52.0 -0.01318957806532211
53.0 -0.012772488606284264
54.0 -0.012369295550594303
55.0 -0.011979592447256016
56.0 -0.011603092079805028
57.0 -0.011239460770201645
58.0 -0.010888202986670186
59.0 -0.010548768278904342
60.0 -0.010220612389836192
61.0 -0.009904039243050732
62.0 -0.009599749682862148
63.0 -0.009305169572348618
64.0 -0.009019684398068141
65.0 -0.008742707547203812
66.0 -0.008475324993527846
67.0 -0.008216966633850452
68.0 -0.00796527171685895
69.0 -0.007719741112719994
70.0 -0.007481974556836775
71.0 -0.007250496053451448
72.0 -0.007023576879606634
73.0 -0.006801635077721396
74.0 -0.006585770194484963
75.0 -0.006373351645921138
76.0 -0.0061647649840055165
77.0 -0.005962012075032452
78.0 -0.005762448725454849
79.0 -0.00556730947281424
80.0 -0.0053786372970566565
81.0 -0.005193675111307071
82.0 -0.00501707794986415
83.0 -0.004847997973401902
84.0 -0.004684630821325545
85.0 -0.004536197232120646
86.0 -0.004393456091725691
87.0 -0.004266655960815627
88.0 -0.004150159270146007
89.0 -0.004045239799360744
90.0 -0.003955567092855992
91.0 -0.00387234542698426
92.0 -0.0038055026714850326
93.0 -0.003741192634427179
94.0 -0.003687972740131709
95.0 -0.0036353187618716714
96.0 -0.003585228097422253
97.0 -0.0035337835880656985
98.0 -0.0034785912755499783
99.0 -0.0034200476139911234
100.0 -0.0033540863428208356
101.0 -0.0032842151331580727
102.0 -0.003205941353628015
103.0 -0.0031250453113444037
104.0 -0.003037526414498451
105.0 -0.0029493158438216984
106.0 -0.0028584816176928166
107.0 -0.0027679839664046984
108.0 -0.002680820033038559
109.0 -0.0025936560996724194
110.0 -0.0025153450685913435
111.0 -0.002437679843882206
112.0 -0.00236935627149971
113.0 -0.0023045108157281166
114.0 -0.002246180960020743
115.0 -0.0021948853614986784
116.0 -0.0021458414547938028
117.0 -0.002106547072506512
118.0 -0.002067252690219221
119.0 -0.0020357629697371656
120.0 -0.0020056715874570735
121.0 -0.0019783389350147107
122.0 -0.001954228821684689
123.0 -0.0019302006636017454
124.0 -0.0019092206470115562
125.0 -0.0018882406304213672
126.0 -0.0018677302844470496
127.0 -0.0018476169042290298
128.0 -0.0018274996532857185
129.0 -0.001806871909076887
130.0 -0.0017862441648680554
131.0 -0.0017650855459491446
132.0 -0.0017431995222361412
133.0 -0.0017213134985231378
134.0 -0.001698321584705836
135.0 -0.001675025080801863
136.0 -0.0016516127815545225
137.0 -0.0016270699737141146
138.0 -0.0016025271658737063
139.0 -0.0015776920660155362
140.0 -0.0015523079003511772
141.0 -0.0015269237346868185
142.0 -0.0015013192614447808
143.0 -0.0014755319242437334
144.0 -0.001449744587042686
145.0 -0.0014239924220244445
146.0 -0.0013982561415640303
147.0 -0.0013725198611036164
148.0 -0.0013471399887128985
149.0 -0.0013218644184928333
150.0 -0.0012965888482727682
151.0 -0.001271948877041878
152.0 -0.0012474683674219582
153.0 -0.0012229878578020382
154.0 -0.0011992973355156777
155.0 -0.0011758492443538035
156.0 -0.0011524011531919294
157.0 -0.0011297582415447085
158.0 -0.0011075125712361827
159.0 -0.0010852669009276568
160.0 -0.0010636837181572584
161.0 -0.0010427331109439126
162.0 -0.0010217825037305667
163.0 -0.0010012168308611844
164.0 -0.0009815951076911974
165.0 -0.0009619733845212103
166.0 -0.0009423552629546
167.0 -0.0009240674948570565
168.0 -0.0009057797267595129
169.0 -0.0008874919586619695
170.0 -0.0008700488545240176
171.0 -0.0008530619075691742
172.0 -0.0008360749606143307
173.0 -0.0008193738435581617
174.0 -0.0008036393268138871
175.0 -0.0007879048100696126
176.0 -0.0007721702933253383
177.0 -0.0007573111299376449
178.0 -0.0007427627320045085
179.0 -0.0007282143340713722
180.0 -0.0007138700154624859
181.0 -0.0007004728605263994
182.0 -0.0006870757055903131
183.0 -0.0006736785506542266
184.0 -0.0006608847824680676
185.0 -0.0006485955564895232
186.0 -0.0006363063305109789
187.0 -0.0006240171045324346
188.0 -0.0006126209004528831
189.0 -0.0006013966185036513
190.0 -0.0005901723365544196
191.0 -0.000579002845537276
192.0 -0.0005687289754516927
193.0 -0.0005584551053661094
194.0 -0.0005481812352805261
195.0 -0.0005380726042991498
196.0 -0.0005286234553742901
197.0 -0.0005191743064494304
198.0 -0.0005097251575245707
199.0 -0.0005004732060985841
200.0 -0.000491767797549156
201.0 -0.0004830623889997279
202.0 -0.00047435698045029983
203.0 -0.0004658313014130626
204.0 -0.00045784357166907475
205.0 -0.00044985584192508687
206.0 -0.000441868112181099
207.0 -0.0004339899930028504
208.0 -0.00042671117587342517
209.0 -0.00041943235874399997
210.0 -0.00041215354161457476
211.0 -0.0004048747244851496
212.0 -0.0003982417690141748
213.0 -0.0003916246525856952
214.0 -0.00038500753615721556
215.0 -0.00037839041972873597
216.0 -0.0003722015024501857
217.0 -0.00036618486502240123
218.0 -0.00036016822759461683
219.0 -0.0003541515901668324
220.0 -0.0003483259214289539
221.0 -0.0003428339072279989
222.0 -0.00033734189302704403
223.0 -0.0003318498788260891
224.0 -0.0003263578646251341
225.0 -0.0003212664410718292
226.0 -0.0003162065313634484
227.0 -0.0003111466216550676
228.0 -0.00030608671194668673
229.0 -0.0003011667783881823
230.0 -0.0002964563769470351
231.0 -0.0002917459755058879
232.0 -0.0002870355740647407
233.0 -0.0002823251726235936
234.0 -0.00027787591939416845
235.0 -0.00027349926338951345
236.0 -0.0002691226073848585
237.0 -0.0002647459513802035
238.0 -0.0002603980011269118
239.0 -0.00025642468678836755
240.0 -0.00025245137244982326
241.0 -0.0002484780581112789
242.0 -0.00024450474377273463
243.0 -0.00024064748507071689
244.0 -0.00023711263336363792
245.0 -0.00023357778165655893
246.0 -0.0002300429299494799
247.0 -0.00022650807824240094
248.0 -0.00022309368993626648
249.0 -0.00021989243201037793
250.0 -0.00021669117408448934
251.0 -0.00021348991615860073
252.0 -0.00021028865823271214
253.0 -0.00020717619385266032
254.0 -0.00020422263769074783
255.0 -0.00020126908152883535
256.0 -0.00019831552536692283
257.0 -0.00019536196920501034
258.0 -0.0001924703886708401
259.0 -0.00018976009257351377
260.0 -0.00018704979647618744
261.0 -0.00018433950037886112
262.0 -0.0001816292042815348
263.0 -0.00017893009921324675
264.0 -0.00017645309048576325
265.0 -0.00017397608175827976
266.0 -0.00017149907303079626
267.0 -0.00016902206430331276
268.0 -0.00016654505557582927
269.0 -0.0001642207753742917
270.0 -0.00016195128201702485
271.0 -0.00015968178865975797
272.0 -0.00015741229530249112
273.0 -0.0001551428019452243
274.0 -0.00015293920020470489
275.0 -0.00015087776839065132
276.0 -0.0001488163365765978
277.0 -0.00014675490476254426
278.0 -0.0001446934729484907
279.0 -0.00014263204113443718
280.0 -0.00014075244280785864
281.0 -0.00013892178692259202
282.0 -0.0001370911310373254
283.0 -0.00013526047515205876
284.0 -0.00013342981926679214
285.0 -0.0001316292179945985
286.0 -0.00013000237336267196
287.0 -0.00012837552873074548
288.0 -0.00012674868409881897
289.0 -0.00012512183946689247
290.0 -0.00012349499483496596
291.0 -0.00012192409393804345
292.0 -0.00012043957846686465
293.0 -0.00011895506299568583
294.0 -0.00011747054752450704
295.0 -0.00011598603205332824
296.0 -0.00011450151658214943
297.0 -0.00011307751815599264
298.0 -0.00011170884517487157
299.0 -0.0001103401721937505
