10.0 -0.18800128166708557
11.0 -0.1686174183140047
12.0 -0.15324100024279183
13.0 -0.1391718397320754
14.0 -0.12737852367120156
15.0 -0.11690413371243426
16.0 -0.1073528735558056
17.0 -0.09926994559742293
18.0 -0.09186355377246043
19.0 -0.08529018216463352
20.0 -0.07934681193212254
21.0 -0.07397547694466593
22.0 -0.06909239415769639
23.0 -0.06466074729878978
24.0 -0.060614271884063126
25.0 -0.05690833408740228
26.0 -0.053506976849254255
27.0 -0.050377071177866835
28.0 -0.04748934633078938
29.0 -0.04483293358606799
30.0 -0.0423720417042637
31.0 -0.04008385586032716
32.0 -0.03796769764125412
33.0 -0.03599514495778625
34.0 -0.03416005062342067
35.0 -0.032446087445809
36.0 -0.03084991133469331
37.0 -0.029349669034278287
38.0 -0.02795356913675413
39.0 -0.02664245177902906
40.0 -0.02540847290367773
41.0 -0.024250542281125578
42.0 -0.023165893672888647
43.0 -0.02214307143795199
44.0 -0.02117816287567118
45.0 -0.0202676182165447
46.0 -0.01940804708843144
47.0 -0.01859594737276334
48.0 -0.01782825800262773
49.0 -0.01710218063511897
50.0 -0.016415154961130603
51.0 -0.015764432850004364
52.0 -0.015147646478973898
53.0 -0.014562493717832286
54.0 -0.014006970073949299
55.0 -0.01347920484748413
56.0 -0.0129773097485041
57.0 -0.012499462384029134
58.0 -0.012044115519110382
59.0 -0.011609824924422732
60.0 -0.011195189212815324
61.0 -0.010800468415157534
62.0 -0.01042619088416675
63.0 -0.01006799028851026
64.0 -0.009724803541324727
65.0 -0.009395647945649364
66.0 -0.009082361304370736
67.0 -0.00878418207399204
68.0 -0.00849739807643496
69.0 -0.008221278746442176
70.0 -0.007958823296663291
71.0 -0.007707850427989045
72.0 -0.007465431698068464
73.0 -0.007232550943935938
74.0 -0.007011847104716621
75.0 -0.006797951910832384
76.0 -0.006591596798316793
77.0 -0.006396325900004972
78.0 -0.006206435090373561
79.0 -0.006023785343437437
80.0 -0.005849985950124476
81.0 -0.00568043096638737
82.0 -0.005519001890343069
83.0 -0.0053631059006769575
84.0 -0.005211414882801726
85.0 -0.005068108460266976
86.0 -0.004927444270488172
87.0 -0.004793570357482812
88.0 -0.004663583154676184
89.0 -0.004537963162970648
90.0 -0.00441773773849693
91.0 -0.0042997948030661145
92.0 -0.004188418754375062
93.0 -0.004078177487747796
94.0 -0.0039743067892702615
95.0 -0.003871609362723867
96.0 -0.0037742262654355224
97.0 -0.0036784483016901906
98.0 -0.0035871137749528058
99.0 -0.0034975450373318753
100.0 -0.0034118845569988
101.0 -0.0033279466947158188
102.0 -0.0032477107879874925
103.0 -0.003168891552596336
104.0 -0.0030936502989371752
105.0 -0.0030194057270906544
106.0 -0.002948941766213237
107.0 -0.0028788861221348623
108.0 -0.002812874788165128
109.0 -0.002746863454195394
110.0 -0.0026847357568537977
111.0 -0.0026228913651672268
112.0 -0.0025639306000437155
113.0 -0.0025060434768304275
114.0 -0.002449919824380687
115.0 -0.002395700019123423
116.0 -0.002342130842141756
117.0 -0.0022913787985756324
118.0 -0.002240626755009508
119.0 -0.0021926235705486768
120.0 -0.002145112891054065
121.0 -0.002099016618602671
122.0 -0.0020545725492612734
123.0 -0.0020102028448087594
124.0 -0.0019685989755100827
125.0 -0.0019269951062114053
126.0 -0.0018868539461200876
127.0 -0.0018479490683234693
128.0 -0.0018090629420748764
129.0 -0.0017726498766260465
130.0 -0.0017362368111772167
131.0 -0.0017008204305233245
132.0 -0.001666769707875497
133.0 -0.001632718985227669
134.0 -0.0016003951412905152
135.0 -0.001568546923398039
136.0 -0.0015368920128533499
137.0 -0.0015071243597010767
138.0 -0.0014773567065488034
139.0 -0.0014482590203405525
140.0 -0.0014204198561509876
141.0 -0.0013925806919614227
142.0 -0.001365733697080667
143.0 -0.0013397102417700387
144.0 -0.0013136867864594103
145.0 -0.0012888336857926291
146.0 -0.0012645091439054334
147.0 -0.0012401846020182374
148.0 -0.001217093544601771
149.0 -0.0011943634641628275
150.0 -0.0011716333837238839
151.0 -0.0011500974026582924
152.0 -0.0011288610020089324
153.0 -0.0011076246013595724
154.0 -0.0010874598806894958
155.0 -0.0010676240369158327
156.0 -0.0010477881931421698
157.0 -0.001028829320737356
158.0 -0.0010103031087197213
159.0 -0.0009917768967020867
160.0 -0.0009738797033743193
161.0 -0.0009565831279076273
162.0 -0.0009392865524409352
163.0 -0.0009223238572712853
164.0 -0.0009061799152499813
165.0 -0.0008900359732286773
166.0 -0.0008738949244375629
167.0 -0.0008588225715624151
168.0 -0.0008437502186872672
169.0 -0.0008286778658121194
170.0 -0.0008142630193602714
171.0 -0.0008002032564591329
172.0 -0.0007861434935579945
173.0 -0.0007723006565360652
174.0 -0.0007591914048509888
175.0 -0.0007460821531659122
176.0 -0.0007329729014808356
177.0 -0.0007205208900531632
178.0 -0.0007083022101890356
179.0 -0.0006960835303249079
180.0 -0.0006840117985816325
181.0 -0.0006726220757697804
182.0 -0.0006612323529579284
183.0 -0.0006498426301460764
184.0 -0.0006388816303178454
185.0 -0.0006282791216905521
186.0 -0.0006176766130632588
187.0 -0.0006070741044359655
188.0 -0.0005970832955989158
189.0 -0.000587210249530252
190.0 -0.0005773372034615883
191.0 -0.0005675038258316504
192.0 -0.0005583188745505819
193.0 -0.0005491339232695133
194.0 -0.0005399489719884448
195.0 -0.0005308924825363311
196.0 -0.000522348694188171
197.0 -0.0005138049058400107
198.0 -0.0005052611174918506
199.0 -0.0004968782312079941
200.0 -0.0004889412931616728
201.0 -0.0004810043551153516
202.0 -0.00047306741706903033
203.0 -0.000465272768571024
204.0 -0.0004579040076249269
205.0 -0.0004505352466788298
206.0 -0.0004431664857327327
207.0 -0.0004358796170952888
208.0 -0.00042904049934780475
209.0 -0.00042220138160032077
210.0 -0.0004153622638528367
211.0 -0.0004085231461053527
212.0 -0.00040217585329339325
213.0 -0.0003958406219437485
214.0 -0.0003895053905941038
215.0 -0.0003831701592444591
216.0 -0.00037716560831704143
217.0 -0.00037129410196433133
218.0 -0.0003654225956116212
219.0 -0.0003595510892589111
220.0 -0.0003538381773715031
221.0 -0.00034840235678584283
222.0 -0.00034296653620018256
223.0 -0.00033753071561452234
224.0 -0.00033209489502886207
225.0 -0.00032704355667588703
226.0 -0.00032202246494381537
227.0 -0.0003170013732117438
228.0 -0.00031198028147967215
229.0 -0.00030711297411614735
230.0 -0.0003024758685719077
231.0 -0.00029783876302766804
232.0 -0.00029320165748342837
233.0 -0.0002885645519391887
234.0 -0.00028420491594729195
235.0 -0.0002799224143892306
236.0 -0.0002756399128311693
237.0 -0.000271357411273108
238.0 -0.00026709914885201944
239.0 -0.000263157229004151
240.0 -0.00025921530915628264
241.0 -0.00025527338930841426
242.0 -0.0002513314694605459
243.0 -0.00024747224258751
244.0 -0.0002438427399598123
245.0 -0.00024021323733211454
246.0 -0.0002365837347044168
247.0 -0.00023295423207671904
248.0 -0.00022943118002314146
249.0 -0.0002260964660968434
250.0 -0.00022276175217054536
251.0 -0.00021942703824424727
252.0 -0.0002160923243179492
253.0 -0.00021285511369479516
254.0 -0.00020979239859402726
255.0 -0.00020672968349325936
256.0 -0.0002036669683924915
257.0 -0.0002006042532917236
258.0 -0.00019760591392949865
259.0 -0.00019479587954994706
260.0 -0.0001919858451703955
261.0 -0.0001891758107908439
262.0 -0.0001863657764112923
263.0 -0.00018356733280662456
264.0 -0.00018099891886946885
265.0 -0.00017843050493231315
266.0 -0.00017586209099515744
267.0 -0.00017329367705800174
268.0 -0.00017072526312084604
269.0 -0.00016831758894549377
270.0 -0.00016596757540847674
271.0 -0.00016361756187145967
272.0 -0.00016126754833444262
273.0 -0.0001589175347974256
274.0 -0.00015663198016374887
275.0 -0.00015448550418681672
276.0 -0.00015233902820988458
277.0 -0.00015019255223295246
278.0 -0.00014804607625602034
279.0 -0.00014589960027908822
280.0 -0.0001439022307616517
281.0 -0.0001419449948535103
282.0 -0.00013998775894536887
283.0 -0.00013803052303722747
284.0 -0.000136073287129086
285.0 -0.00013414185394001077
286.0 -0.00013235959564677626
287.0 -0.00013057733735354172
288.0 -0.00012879507906030717
289.0 -0.00012701282076707266
290.0 -0.00012523056247383814
291.0 -0.00012351170524279166
292.0 -0.00012189074865690821
293.0 -0.00012026979207102477
294.0 -0.00011864883548514132
295.0 -0.00011702787889925789
296.0 -0.00011540692231337442
297.0 -0.00011386425011929633
298.0 -0.00011239314650254068
299.0 -0.00011092204288578503
