10.0 0.041414496292401196
11.0 0.016801760800419896
12.0 -0.0019561704850527997
13.0 -0.016229775489122557
14.0 -0.026803065544364523
15.0 -0.03452712390004888
16.0 -0.04004079077578307
17.0 -0.04374483470898333
18.0 -0.04612154992714813
19.0 -0.04744591745147628
20.0 -0.04799728996500506
21.0 -0.04794502189877275
22.0 -0.04745801702688187
23.0 -0.046634506913671096
24.0 -0.04557716636112953
25.0 -0.0443567769358303
26.0 -0.04302667700657698
27.0 -0.04162875150205055
28.0 -0.040194435848618634
29.0 -0.03874777315272764
30.0 -0.03730794921993044
31.0 -0.03588700990386557
32.0 -0.0344974054237138
33.0 -0.033143401429485735
34.0 -0.03183152699494169
35.0 -0.030563566885706796
36.0 -0.02934399701748672
37.0 -0.028168141072805263
38.0 -0.027044681020115226
39.0 -0.025966835218871973
40.0 -0.024933018016960767
41.0 -0.023945148595947513
42.0 -0.023003859034881186
43.0 -0.022103710944802533
44.0 -0.021243478636298045
45.0 -0.02042170748539052
46.0 -0.019636981482150293
47.0 -0.01888808241020635
48.0 -0.01817360154379231
49.0 -0.017491862427381197
50.0 -0.016841372080560572
51.0 -0.016220307562944253
52.0 -0.01562774866425072
53.0 -0.015062128243576467
54.0 -0.014521931677514968
55.0 -0.014005645041404245
56.0 -0.013512048744954739
57.0 -0.013039986357714478
58.0 -0.012588204641611998
59.0 -0.012155488199534974
60.0 -0.011740722461121619
61.0 -0.01134418797118125
62.0 -0.010966799157114036
63.0 -0.010604506423812523
64.0 -0.010256385919224413
65.0 -0.009921579178687686
66.0 -0.009601922020160138
67.0 -0.009296803813415248
68.0 -0.009002661788942436
69.0 -0.00871882818241943
70.0 -0.008448351269211698
71.0 -0.008189183817552093
72.0 -0.007938450886384119
73.0 -0.007697130505545334
74.0 -0.007467788666230863
75.0 -0.007245270010548547
76.0 -0.007030347196802599
77.0 -0.006826492903434399
78.0 -0.006628097683237554
79.0 -0.006437081589390521
80.0 -0.00625475256636614
81.0 -0.006076722132158907
82.0 -0.0059071961389199346
83.0 -0.0057433012330845535
84.0 -0.005583685776740041
85.0 -0.005432431823155448
86.0 -0.005283927807501355
87.0 -0.005142643787827381
88.0 -0.0050052811033894275
89.0 -0.004872324535666698
90.0 -0.004744984981821246
91.0 -0.004620022036159136
92.0 -0.004501771977089913
93.0 -0.004384698196966448
94.0 -0.0042743989368743615
95.0 -0.004165299456634106
96.0 -0.004061634373144144
97.0 -0.003959652703639438
98.0 -0.003862331172248684
99.0 -0.0037668806640863057
100.0 -0.003675571330031242
101.0 -0.003586027913853575
102.0 -0.0035002795058002817
103.0 -0.0034160580583139735
104.0 -0.003335693141888052
105.0 -0.003256363542895467
106.0 -0.0031809611074121794
107.0 -0.003105990843380279
108.0 -0.0030353011658283222
109.0 -0.0029646114882763653
110.0 -0.0028980738933868408
111.0 -0.002831839186900902
112.0 -0.002768607614349299
113.0 -0.002706494179109656
114.0 -0.002646273777750593
115.0 -0.0025880971002305076
116.0 -0.0025306078861426916
117.0 -0.002476095296772313
118.0 -0.002421582707401935
119.0 -0.0023700111770864926
120.0 -0.0023189665876345205
121.0 -0.002269410216244861
122.0 -0.0022215922684035686
123.0 -0.0021738549000170954
124.0 -0.002129114503617826
125.0 -0.0020843741072185556
126.0 -0.0020411679977114365
127.0 -0.001999258667981332
128.0 -0.0019573696942518015
129.0 -0.0019181653856491872
130.0 -0.001878961077046573
131.0 -0.0018408132229513516
132.0 -0.0018041129233521869
133.0 -0.001767412623753022
134.0 -0.0017325752281191437
135.0 -0.0016982509233231721
136.0 -0.001664131568568945
137.0 -0.0016320131386930805
138.0 -0.0015998947088172158
139.0 -0.0015685020280002925
140.0 -0.0015384726549985785
141.0 -0.0015084432819968648
142.0 -0.0014794737786804678
143.0 -0.0014513840089108426
144.0 -0.0014232942391412175
145.0 -0.001396461683568698
146.0 -0.0013701969145258367
147.0 -0.0013439321454829754
148.0 -0.001318991328314455
149.0 -0.0012944379632438944
150.0 -0.001269884598173334
151.0 -0.0012466177284151825
152.0 -0.0012236736197351896
153.0 -0.0012007295110551964
154.0 -0.0011789384148774094
155.0 -0.0011575011549012704
156.0 -0.0011360638949251313
157.0 -0.0011155746627239884
158.0 -0.0010955531471197111
159.0 -0.001075531631515434
160.0 -0.0010561864914090898
161.0 -0.0010374871877642002
162.0 -0.0010187878841193103
163.0 -0.0010004456711045758
164.0 -0.000982979128443183
165.0 -0.0009655125857817901
166.0 -0.0009480491770280724
167.0 -0.0009317433651864195
168.0 -0.0009154375533447667
169.0 -0.0008991317415031137
170.0 -0.0008835312065864149
171.0 -0.000868311553476907
172.0 -0.0008530919003673991
173.0 -0.0008381064995314025
174.0 -0.0008239132772662566
175.0 -0.0008097200550011106
176.0 -0.0007955268327359647
177.0 -0.0007820426628516176
178.0 -0.0007688102187232376
179.0 -0.0007555777745948574
180.0 -0.0007425059627880477
181.0 -0.0007301796704023157
182.0 -0.0007178533780165835
183.0 -0.0007055270856308514
184.0 -0.0006936585642475221
185.0 -0.0006821728235470001
186.0 -0.000670687082846478
187.0 -0.0006592013421459561
188.0 -0.0006483818674549668
189.0 -0.0006376906604714632
190.0 -0.0006269994534879597
191.0 -0.0006163506269851387
192.0 -0.0006063945582826005
193.0 -0.0005964384895800625
194.0 -0.0005864824208775244
195.0 -0.0005766656755625311
196.0 -0.0005674049806726473
197.0 -0.0005581442857827636
198.0 -0.0005488835908928798
199.0 -0.0005397961656861674
200.0 -0.0005311889662003798
201.0 -0.0005225817667145924
202.0 -0.0005139745672288048
203.0 -0.0005055214959823752
204.0 -0.0004975297467326603
205.0 -0.0004895379974829455
206.0 -0.0004815462482332307
207.0 -0.00047364442979226857
208.0 -0.00046623431320116335
209.0 -0.0004588241966100581
210.0 -0.00045141408001895286
211.0 -0.0004440039634278476
212.0 -0.000437120103985386
213.0 -0.0004302491504171649
214.0 -0.0004233781968489438
215.0 -0.0004165072432807227
216.0 -0.00040999515647463286
217.0 -0.0004036274546170768
218.0 -0.0003972597527595207
219.0 -0.00039089205090196466
220.0 -0.0003846956791389504
221.0 -0.00037879864997174896
222.0 -0.00037290162080454755
223.0 -0.00036700459163734614
224.0 -0.00036110756247014473
225.0 -0.0003556248474445842
226.0 -0.0003501747258699346
227.0 -0.00034472460429528496
228.0 -0.00033927448272063536
229.0 -0.00033399003104972143
230.0 -0.00032895357281013677
231.0 -0.00032391711457055216
232.0 -0.00031888065633096756
233.0 -0.0003138441980913829
234.0 -0.00030910971354892796
235.0 -0.0003044591754069504
236.0 -0.0002998086372649728
237.0 -0.00029515809912299536
238.0 -0.0002905334773250828
239.0 -0.0002862470871638492
240.0 -0.0002819606970026156
241.0 -0.000277674306841382
242.0 -0.0002733879166801484
243.0 -0.0002691930423257011
244.0 -0.00026525240238104586
245.0 -0.0002613117624363907
246.0 -0.00025737112249173556
247.0 -0.0002534304825470804
248.0 -0.00024960472289380374
249.0 -0.00024598221568062327
250.0 -0.00024235970846744285
251.0 -0.00023873720125426243
252.0 -0.00023511469404108198
253.0 -0.00023159735317277745
254.0 -0.00022826822189014675
255.0 -0.00022493909060751605
256.0 -0.00022160995932488537
257.0 -0.00021828082804225467
258.0 -0.00021502216683588166
259.0 -0.00021196963711303074
260.0 -0.00020891710739017982
261.0 -0.0002058645776673289
262.0 -0.000202812047944478
263.0 -0.00019977212307735592
264.0 -0.00019698235325175587
265.0 -0.00019419258342615582
266.0 -0.00019140281360055576
267.0 -0.0001886130437749557
268.0 -0.00018582327394935566
269.0 -0.00018320913005760302
270.0 -0.0001806579867783948
271.0 -0.0001781068434991866
272.0 -0.0001755557002199784
273.0 -0.0001730045569407702
274.0 -0.0001705217360305722
275.0 -0.00016818632971812787
276.0 -0.00016585092340568356
277.0 -0.00016351551709323922
278.0 -0.00016118011078079488
279.0 -0.00015884470446835054
280.0 -0.00015666932085930398
281.0 -0.00015453700908415536
282.0 -0.00015240469730900676
283.0 -0.00015027238553385813
284.0 -0.0001481400737587095
285.0 -0.00014603566051125963
286.0 -0.00014409253879098932
287.0 -0.00014214941707071902
288.0 -0.0001402062953504487
289.0 -0.0001382631736301784
290.0 -0.0001363200519099081
291.0 -0.00013444651168735837
292.0 -0.0001326804156192623
293.0 -0.0001309143195511662
294.0 -0.00012914822348307012
295.0 -0.00012738212741497405
296.0 -0.00012561603134687795
297.0 -0.0001239370659950146
298.0 -0.0001223377566417233
299.0 -0.000120738447288432
