10.0 0.12868935351203414
11.0 0.10280936594417779
12.0 0.08067587337339929
13.0 0.06176975890956119
14.0 0.04582254403954533
15.0 0.03241435288405454
16.0 0.021194530483510235
17.0 0.011927855233248831
18.0 0.004275461166125798
19.0 -0.0019728093439667464
20.0 -0.0070691492982550876
21.0 -0.01116196580612705
22.0 -0.014441251715709336
23.0 -0.017002611607376338
24.0 -0.018983679693281953
25.0 -0.02048268690165829
26.0 -0.021580164601347703
27.0 -0.022346196845601837
28.0 -0.022840314541687484
29.0 -0.023098554812768474
30.0 -0.02317738322169166
31.0 -0.02311313976443866
32.0 -0.0229224823875561
33.0 -0.022639913129397275
34.0 -0.022280706096361676
35.0 -0.021864357622497776
36.0 -0.021401499611412068
37.0 -0.020908022460396948
38.0 -0.020389044337609265
39.0 -0.019855054888076203
40.0 -0.01931212771220324
41.0 -0.018764993876546527
42.0 -0.018218209458283587
43.0 -0.017675247902400736
44.0 -0.017138640260188753
45.0 -0.016610372877298968
46.0 -0.016092128498826838
47.0 -0.01558542712190943
48.0 -0.015091356275199972
49.0 -0.014610531248481539
50.0 -0.014143440122309177
51.0 -0.013690224037158968
52.0 -0.0132513816186988
53.0 -0.012826847268404998
54.0 -0.012416404260102305
55.0 -0.012019712872335981
56.0 -0.011636548797566863
57.0 -0.011266639472068718
58.0 -0.010909550732482303
59.0 -0.010564795163911546
60.0 -0.010231893295258499
61.0 -0.009911280969155785
62.0 -0.009603884017274862
63.0 -0.009307108849550168
64.0 -0.00902043456185948
65.0 -0.008743357840904756
66.0 -0.00847734940521555
67.0 -0.008222129050842401
68.0 -0.00797514578558112
69.0 -0.007735950638982494
70.0 -0.007506958072730013
71.0 -0.007286716963754927
72.0 -0.007073044209070311
73.0 -0.006866736759778672
74.0 -0.006669906314144011
75.0 -0.006478516124431777
76.0 -0.006293195276516492
77.0 -0.006116806878223621
78.0 -0.0059448457805512354
79.0 -0.005778876994471467
80.0 -0.00562003447259311
81.0 -0.005464730095385274
82.0 -0.005316449566249286
83.0 -0.005172855898987363
84.0 -0.005032824099482624
85.0 -0.00489979982932949
86.0 -0.004769086315770394
87.0 -0.004644447514549427
88.0 -0.004523132582931791
89.0 -0.004405552439731102
90.0 -0.0042927417518391015
91.0 -0.004181949062614074
92.0 -0.004076904819698115
93.0 -0.003972869352948331
94.0 -0.0038746591890064367
95.0 -0.003777486794929483
96.0 -0.003685014974189361
97.0 -0.0035940031957014426
98.0 -0.0035070332028984885
99.0 -0.003421690369917732
100.0 -0.00333994896316299
101.0 -0.0032597491063402575
102.0 -0.003182862084497555
103.0 -0.0031073103868363805
104.0 -0.003035131218429131
105.0 -0.002963861539421087
106.0 -0.0028960417333366937
107.0 -0.00282860262289308
108.0 -0.002764934239570985
109.0 -0.00270126585624889
110.0 -0.002641266908508332
111.0 -0.0025815356407673583
112.0 -0.0025244665472723454
113.0 -0.0024683886437876475
114.0 -0.002413993381360503
115.0 -0.0023614147021847453
116.0 -0.0023094493067464085
117.0 -0.0022601393478679285
118.0 -0.0022108293889894475
119.0 -0.00216413858856254
120.0 -0.0021179170550188397
121.0 -0.002073023199078871
122.0 -0.0020296802354909135
123.0 -0.0019864092810814903
124.0 -0.0019458165464660776
125.0 -0.0019052238118506654
126.0 -0.0018660080724432924
127.0 -0.0018279561698306976
128.0 -0.0017899225892580824
129.0 -0.0017543054235214324
130.0 -0.0017186882577847824
131.0 -0.0016840231847999986
132.0 -0.0016506626697814907
133.0 -0.0016173021547629827
134.0 -0.0015856145565024237
135.0 -0.0015543877218008456
136.0 -0.001523345158488853
137.0 -0.0014941016346142484
138.0 -0.0014648581107396439
139.0 -0.0014362704082236818
140.0 -0.0014089146554741082
141.0 -0.0013815589027245344
142.0 -0.0013551638643537944
143.0 -0.0013295662567234885
144.0 -0.0013039686490931826
145.0 -0.001279509542417156
146.0 -0.0012555646086699203
147.0 -0.0012316196749226841
148.0 -0.0012088735060253315
149.0 -0.001186478153471873
150.0 -0.0011640828009184144
151.0 -0.0011428521854227403
152.0 -0.0011219137838083884
153.0 -0.0011009753821940365
154.0 -0.0010810821889957712
155.0 -0.0010615097491069201
156.0 -0.001041937309218069
157.0 -0.001023225355108263
158.0 -0.0010049379280965452
159.0 -0.0009866505010848272
160.0 -0.000968976079551057
161.0 -0.0009518869856791247
162.0 -0.0009347978918071923
163.0 -0.0009180333721082654
164.0 -0.0009020647847490848
165.0 -0.0008860961973899044
166.0 -0.0008701304763774786
167.0 -0.0008552235211285001
168.0 -0.0008403165658795215
169.0 -0.0008254096106305428
170.0 -0.0008111445095227775
171.0 -0.0007972260390172741
172.0 -0.0007833075685117707
173.0 -0.0007696012558422095
174.0 -0.0007566124042617216
175.0 -0.0007436235526812336
176.0 -0.0007306347011007457
177.0 -0.0007182919942594314
178.0 -0.0007061786798823939
179.0 -0.0006940653655053562
180.0 -0.000682099034926393
181.0 -0.000670814878862353
182.0 -0.0006595307227983129
183.0 -0.000648246566734273
184.0 -0.0006373780047709384
185.0 -0.0006268569558497225
186.0 -0.0006163359069285067
187.0 -0.000605814858007291
188.0 -0.0005959019586284755
189.0 -0.0005861061385340542
190.0 -0.0005763103184396329
191.0 -0.0005665532466699805
192.0 -0.0005574295609261389
193.0 -0.0005483058751822972
194.0 -0.0005391821894384556
195.0 -0.0005301861989747265
196.0 -0.0005216998502591798
197.0 -0.000513213501543633
198.0 -0.0005047271528280864
199.0 -0.000496398490413176
200.0 -0.0004885068635835858
201.0 -0.00048061523675399574
202.0 -0.00047272360992440556
203.0 -0.0004649727903228106
204.0 -0.00045764342153283266
205.0 -0.00045031405274285473
206.0 -0.0004429846839528768
207.0 -0.0004357378396682056
208.0 -0.0004289422028449221
209.0 -0.00042214656602163856
210.0 -0.000415350929198355
211.0 -0.00040855529237507154
212.0 -0.0004022358485035712
213.0 -0.0003959280827372818
214.0 -0.0003896203169709925
215.0 -0.0003833125512047032
216.0 -0.0003773360931210342
217.0 -0.0003714929319813896
218.0 -0.00036564977084174494
219.0 -0.0003598066097021003
220.0 -0.0003541212618599021
221.0 -0.00034871164048734597
222.0 -0.0003433020191147898
223.0 -0.00033789239774223364
224.0 -0.0003324827763696775
225.0 -0.00032744493634072986
226.0 -0.00032243634377344136
227.0 -0.0003174277512061529
228.0 -0.00031241915863886445
229.0 -0.00030756210719654444
230.0 -0.0003029318996330521
231.0 -0.00029830169206955987
232.0 -0.0002936714845060675
233.0 -0.00028904127694257524
234.0 -0.0002846921424004753
235.0 -0.00028042114402931185
236.0 -0.0002761501456581484
237.0 -0.0002718791472869849
238.0 -0.0002676315461950653
239.0 -0.0002636893006746201
240.0 -0.0002597470551541749
241.0 -0.0002558048096337297
242.0 -0.0002518625641132845
243.0 -0.0002480045718712841
244.0 -0.0002443806384577056
245.0 -0.0002407567050441271
246.0 -0.00023713277163054858
247.0 -0.00023350883821697006
248.0 -0.00022998982935758334
249.0 -0.000226656458708281
250.0 -0.00022332308805897866
251.0 -0.0002199897174096763
252.0 -0.00021665634676037396
253.0 -0.000213420464834347
254.0 -0.00021035905233803337
255.0 -0.0002072976398417197
256.0 -0.00020423622734540607
257.0 -0.0002011748148490924
258.0 -0.00019817891149052891
259.0 -0.00019537462841203037
260.0 -0.00019257034533353182
261.0 -0.0001897660622550333
262.0 -0.00018696177917653476
263.0 -0.00018416877511547359
264.0 -0.0001815996136065263
265.0 -0.00017903045209757907
266.0 -0.00017646129058863181
267.0 -0.00017389212907968453
268.0 -0.00017132296757073727
269.0 -0.00016891624455234335
270.0 -0.00016656779154101197
271.0 -0.00016421933852968056
272.0 -0.00016187088551834918
273.0 -0.0001595224325070178
274.0 -0.00015723671951201127
275.0 -0.0001550863764464081
276.0 -0.00015293603338080496
277.0 -0.0001507856903152018
278.0 -0.00014863534724959867
279.0 -0.0001464850041839955
280.0 -0.0001444798499845625
281.0 -0.0001425137749319926
282.0 -0.00014054769987942274
283.0 -0.00013858162482685286
284.0 -0.000136615549774283
285.0 -0.00013467506992845905
286.0 -0.0001328825652743411
287.0 -0.00013109006062022316
288.0 -0.00012929755596610522
289.0 -0.00012750505131198724
290.0 -0.0001257125466578693
291.0 -0.00012398472929598913
292.0 -0.00012235679870927283
293.0 -0.00012072886812255651
294.0 -0.00011910093753584018
295.0 -0.00011747300694912386
296.0 -0.00011584507636240754
297.0 -0.00011429769212096127
298.0 -0.00011282394436319408
299.0 -0.0001113501966054269
