10.0 -0.03607878047468033
11.0 -0.052837963215033326
12.0 -0.0636651523397818
13.0 -0.07044828191921425
14.0 -0.07414720742017404
15.0 -0.07572585757902885
16.0 -0.07583881622602218
17.0 -0.07483175553343184
18.0 -0.07314380114724021
19.0 -0.07097570404100338
20.0 -0.06852468266916599
21.0 -0.06590682036796837
22.0 -0.06321510887048402
23.0 -0.06051103811015876
24.0 -0.05783964881765119
25.0 -0.05523080790056872
26.0 -0.052703886050948515
27.0 -0.0502712712732438
28.0 -0.04793897937403927
29.0 -0.04571726045050522
30.0 -0.04359995056947726
31.0 -0.04158318044702733
32.0 -0.03967440179730563
33.0 -0.03786110961787502
34.0 -0.03614427644681283
35.0 -0.03451641635813559
36.0 -0.03297838431180502
37.0 -0.03151591550857143
38.0 -0.030138734539935437
39.0 -0.0288324023300937
40.0 -0.0275919462996291
41.0 -0.026417956117013038
42.0 -0.025309308029114453
43.0 -0.02425687646619134
44.0 -0.02325789308224039
45.0 -0.022309504641308545
46.0 -0.021409035648561767
47.0 -0.020554167624795783
48.0 -0.019742495345636792
49.0 -0.018971443441673962
50.0 -0.018238768271471896
51.0 -0.017541855261766555
52.0 -0.016879237648381777
53.0 -0.016248745010097015
54.0 -0.01564837453310289
55.0 -0.015076157720045676
56.0 -0.014530483989823512
57.0 -0.014009843278241134
58.0 -0.013512651401388933
59.0 -0.01303740657395333
60.0 -0.012582749009098537
61.0 -0.012148907181408333
62.0 -0.011736813068475587
63.0 -0.011341787459716446
64.0 -0.010962741598969889
65.0 -0.010598671560824302
66.0 -0.010251594167197743
67.0 -0.009920772904124825
68.0 -0.009602190622129225
69.0 -0.009295082951805395
70.0 -0.009002798697673509
71.0 -0.008723021572327011
72.0 -0.008452561355655365
73.0 -0.00819248920173682
74.0 -0.007945599385910114
75.0 -0.007706201502757674
76.0 -0.007475138678690174
77.0 -0.007256181935818229
78.0 -0.007043198334937909
79.0 -0.006838289579594264
80.0 -0.006642856757659129
81.0 -0.006452104270117332
82.0 -0.006270594181939742
83.0 -0.006095196851566941
84.0 -0.005924445025055228
85.0 -0.005762762237997836
86.0 -0.005604056152176578
87.0 -0.005453157872532473
88.0 -0.0053064957531871884
89.0 -0.005164593496382995
90.0 -0.005028769252764835
91.0 -0.004895516670209296
92.0 -0.004769495485199159
93.0 -0.0046447403389694615
94.0 -0.004527265290554652
95.0 -0.00441107987419609
96.0 -0.004300735839691746
97.0 -0.004192198448796313
98.0 -0.00408866232842254
99.0 -0.003987131940163555
100.0 -0.0038900408799545966
101.0 -0.003794844794337477
102.0 -0.003703721063422436
103.0 -0.003614230144463075
104.0 -0.0035288630975662924
105.0 -0.0034446039318595345
106.0 -0.003364547178323195
107.0 -0.0032849521145853987
108.0 -0.0032099300116556918
109.0 -0.003134907908725985
110.0 -0.0030643129767832142
111.0 -0.0029940410005380182
112.0 -0.0029269774298893102
113.0 -0.002861108424014527
114.0 -0.0027972549356307577
115.0 -0.002735577404680462
116.0 -0.0026746309790793617
117.0 -0.0026168501418591347
118.0 -0.0025590693046389076
119.0 -0.0025044223395159163
120.0 -0.002450336860999647
121.0 -0.002397837628413461
122.0 -0.0023471913281012426
123.0 -0.002296630670045128
124.0 -0.0022492552835081617
125.0 -0.002201879896971195
126.0 -0.0021561371113644964
127.0 -0.002111774200591595
128.0 -0.0020674328528166716
129.0 -0.0020259353558509446
130.0 -0.0019844378588852176
131.0 -0.001944061193351402
132.0 -0.0019052202916079164
133.0 -0.001866379389864431
134.0 -0.0018295183155459375
135.0 -0.0017932025357414556
136.0 -0.0017571048317236537
137.0 -0.0017231361990796478
138.0 -0.0016891675664356424
139.0 -0.0016559671077092236
140.0 -0.0016242096512056599
141.0 -0.0015924521947020957
142.0 -0.0015618170816468822
143.0 -0.0015321135578202241
144.0 -0.0015024100339935658
145.0 -0.001474039190751627
146.0 -0.0014462702163766505
147.0 -0.0014185012420016734
148.0 -0.00139213546875418
149.0 -0.0013661803397538377
150.0 -0.0013402252107534952
151.0 -0.0013156331348084486
152.0 -0.0012913830270536246
153.0 -0.0012671329192988007
154.0 -0.0012441037091667775
155.0 -0.0012214491678060177
156.0 -0.0011987946264452576
157.0 -0.0011771424682746248
158.0 -0.0011559848433516525
159.0 -0.0011348272184286802
160.0 -0.0011143868218067583
161.0 -0.0010946312699041097
162.0 -0.0010748757180014611
163.0 -0.0010554987883839432
164.0 -0.0010370503298104824
165.0 -0.0010186018712370218
166.0 -0.0010001567155447533
167.0 -0.0009829315718838786
168.0 -0.0009657064282230038
169.0 -0.0009484812845621289
170.0 -0.0009320029626997303
171.0 -0.0009159279587769788
172.0 -0.0008998529548542274
173.0 -0.0008840265145654789
174.0 -0.0008690406500431822
175.0 -0.0008540547855208855
176.0 -0.0008390689209985886
177.0 -0.00082483221414394
178.0 -0.0008108614711099256
179.0 -0.0007968907280759112
180.0 -0.0007830889603032546
181.0 -0.0007700714328241606
182.0 -0.0007570539053450668
183.0 -0.0007440363778659728
184.0 -0.0007315052013880226
185.0 -0.0007193807037239879
186.0 -0.000707256206059953
187.0 -0.0006951317083959181
188.0 -0.0006837101876095246
189.0 -0.0006724240020064069
190.0 -0.0006611378164032892
191.0 -0.0006498965020042031
192.0 -0.0006393886591490996
193.0 -0.0006288808162939961
194.0 -0.0006183729734388925
195.0 -0.0006080119886393608
196.0 -0.0005982371257083143
197.0 -0.0005884622627772678
198.0 -0.0005786873998462212
199.0 -0.0005690962003107418
200.0 -0.0005600140331976076
201.0 -0.0005509318660844732
202.0 -0.0005418496989713389
203.0 -0.0005329302995502314
204.0 -0.0005244980809144185
205.0 -0.0005160658622786054
206.0 -0.0005076336436427924
207.0 -0.0004992957930018659
208.0 -0.0004914739047802306
209.0 -0.00048365201655859553
210.0 -0.0004758301283369604
211.0 -0.00046800824011532526
212.0 -0.00046074731306259463
213.0 -0.0004535001429617996
214.0 -0.0004462529728610046
215.0 -0.00043900580276020967
216.0 -0.00043213556053086494
217.0 -0.0004254169698810568
218.0 -0.00041869837923124857
219.0 -0.00041197978858144036
220.0 -0.00040544139759949183
221.0 -0.00039921784585513333
222.0 -0.0003929942941107749
223.0 -0.00038677074236641637
224.0 -0.00038054719062205787
225.0 -0.0003747659142747616
226.0 -0.00036901943104697155
227.0 -0.00036327294781918147
228.0 -0.0003575264645913914
229.0 -0.0003519550466699903
230.0 -0.00034664568628021774
231.0 -0.0003413363258904452
232.0 -0.0003360269655006727
233.0 -0.0003307176051109001
234.0 -0.00032572377289149596
235.0 -0.00032081765511346027
236.0 -0.0003159115373354245
237.0 -0.00031100541955738877
238.0 -0.0003061269908720644
239.0 -0.00030160992979022777
240.0 -0.0002970928687083912
241.0 -0.00029257580762655455
242.0 -0.00028805874654471786
243.0 -0.00028363739413636937
244.0 -0.0002794819240817987
245.0 -0.0002753264540272281
246.0 -0.0002711709839726574
247.0 -0.0002670155139180868
248.0 -0.000262981817870909
249.0 -0.0002591635709999639
250.0 -0.0002553453241290188
251.0 -0.0002515270772580737
252.0 -0.00024770883038712865
253.0 -0.00024400133793925447
254.0 -0.00024049205570874903
255.0 -0.0002369827734782436
256.0 -0.00023347349124773817
257.0 -0.00022996420901723273
258.0 -0.0002265285960630677
259.0 -0.00022330847254822898
260.0 -0.00022008834903339023
261.0 -0.0002168682255185515
262.0 -0.00021364810200371275
263.0 -0.00021044143429581802
264.0 -0.00020750180954479645
265.0 -0.00020456218479377483
266.0 -0.00020162256004275326
267.0 -0.0001986829352917317
268.0 -0.0001957433105407101
269.0 -0.0001929874930356493
270.0 -0.00019029761094702702
271.0 -0.00018760772885840474
272.0 -0.00018491784676978243
273.0 -0.00018222796468116015
274.0 -0.0001796105353182168
275.0 -0.00017714943234686144
276.0 -0.0001746883293755061
277.0 -0.00017222722640415075
278.0 -0.00016976612343279536
279.0 -0.00016730502046144002
280.0 -0.00016501391189628877
281.0 -0.0001627685591562307
282.0 -0.00016052320641617257
283.0 -0.00015827785367611452
284.0 -0.00015603250093605643
285.0 -0.00015381660664561927
286.0 -0.00015177102235788218
287.0 -0.00014972543807014512
288.0 -0.00014767985378240803
289.0 -0.00014563426949467097
290.0 -0.00014358868520693388
291.0 -0.0001416160111527238
292.0 -0.0001397559213148491
293.0 -0.00013789583147697445
294.0 -0.00013603574163909978
295.0 -0.00013417565180122508
296.0 -0.0001323155619633504
297.0 -0.0001305467269442973
298.0 -0.00012886131823036407
299.0 -0.00012717590951643083
