10.0 0.055535970117447354
11.0 0.031074790642485084
12.0 0.012266645550147857
13.0 -0.0022105295577215986
14.0 -0.01310071360872039
15.0 -0.02122209847642534
16.0 -0.027187564936951788
17.0 -0.03137783674873119
18.0 -0.03425909094137854
19.0 -0.03609438989345478
20.0 -0.03715428792228027
21.0 -0.03760162523309364
22.0 -0.03760119902471519
23.0 -0.037247345300905094
24.0 -0.036641195041736574
25.0 -0.035852449527575686
26.0 -0.03493388973892594
27.0 -0.033927388023979876
28.0 -0.03286479447091151
29.0 -0.03176940023096927
30.0 -0.030662288990266823
31.0 -0.02955672629349992
32.0 -0.028464303642740593
33.0 -0.027391617731882187
34.0 -0.026345286686662077
35.0 -0.02532847400579581
36.0 -0.024345621178535386
37.0 -0.023394427894458166
38.0 -0.022482176427302773
39.0 -0.021604352237198463
40.0 -0.020760207440318933
41.0 -0.01995162538558953
42.0 -0.01917944235712627
43.0 -0.018439682278688856
44.0 -0.017731565312331273
45.0 -0.01705407091252887
46.0 -0.01640620416819613
47.0 -0.015787153733239554
48.0 -0.015195902958580844
49.0 -0.014631152059538693
50.0 -0.014091754568105911
51.0 -0.013576275288016854
52.0 -0.013084080258020379
53.0 -0.01261392955485182
54.0 -0.012164605354878079
55.0 -0.011734874994891342
56.0 -0.011323784777557069
57.0 -0.010930429356096075
58.0 -0.010553792098340507
59.0 -0.010192879911020991
60.0 -0.00984678670034853
61.0 -0.009515752072475327
62.0 -0.009200570861634326
63.0 -0.008897896630719422
64.0 -0.008606970231719639
65.0 -0.008327086241747187
66.0 -0.008059777564753234
67.0 -0.007804546510574693
68.0 -0.007558435477895903
69.0 -0.0073208931657612894
70.0 -0.00709446664492345
71.0 -0.006877461756257258
72.0 -0.006667483508011863
73.0 -0.006465346721265521
74.0 -0.006273187300680872
75.0 -0.00608672211293089
76.0 -0.005906599372688509
77.0 -0.005735712653859322
78.0 -0.005569387653908663
79.0 -0.005409231137353904
80.0 -0.00525630869036214
81.0 -0.005106978124631076
82.0 -0.004964778508273075
83.0 -0.004827286753325042
84.0 -0.004693372825121648
85.0 -0.004566433128547001
86.0 -0.0044417979263159345
87.0 -0.004323226970118097
88.0 -0.004207931398484997
89.0 -0.004096316136188092
90.0 -0.003989407439682379
91.0 -0.003884490132733321
92.0 -0.003785187821853229
93.0 -0.0036868708861658834
94.0 -0.003594244305456244
95.0 -0.00350262121459194
96.0 -0.003415543425889635
97.0 -0.003329877548873583
98.0 -0.0032481202193213616
99.0 -0.003167933812581317
100.0 -0.0030912243615389477
101.0 -0.003015992267661767
102.0 -0.0029439350566691476
103.0 -0.0028731621902311514
104.0 -0.002805633097584198
105.0 -0.0027389714111423925
106.0 -0.002675599967757361
107.0 -0.0026125913158796536
108.0 -0.002553176053653909
109.0 -0.0024937607914281637
110.0 -0.0024378351544437175
111.0 -0.0023821640805555236
112.0 -0.0023290095163609613
113.0 -0.0022767919078419984
114.0 -0.002226165933663582
115.0 -0.0021772582916703867
116.0 -0.0021289276822911607
117.0 -0.002083095546955625
118.0 -0.0020372634116200892
119.0 -0.001993903021729418
120.0 -0.001950985487168976
121.0 -0.001909316411409444
122.0 -0.0018691056906004603
123.0 -0.0018289627850986909
124.0 -0.0017913421177589988
125.0 -0.0017537214504193066
126.0 -0.0017173874353612426
127.0 -0.0016821408992273616
128.0 -0.0016469114986251802
129.0 -0.001613942029398941
130.0 -0.0015809725601727018
131.0 -0.0015488900787935414
132.0 -0.0015180229486074532
133.0 -0.001487155818421365
134.0 -0.0014578556696129969
135.0 -0.0014289871070823224
136.0 -0.0014002906057236008
137.0 -0.0013732739355892614
138.0 -0.001346257265454922
139.0 -0.0013198513760335428
140.0 -0.001294592828257461
141.0 -0.0012693342804813792
142.0 -0.0012449663227165543
143.0 -0.0012213375897075429
144.0 -0.0011977088566985318
145.0 -0.0011751371770032516
146.0 -0.0011530428866295753
147.0 -0.001130948596255899
148.0 -0.0011099673265181492
149.0 -0.001089311780236682
150.0 -0.001068656233955215
151.0 -0.0010490826781676954
152.0 -0.001029780576473335
153.0 -0.0010104784747789748
154.0 -0.0009921459129839983
155.0 -0.0009741108833620799
156.0 -0.0009560758537401615
157.0 -0.0009388384630118483
158.0 -0.0009219945934004098
159.0 -0.0009051507237889713
160.0 -0.0008888755584863553
161.0 -0.000873143419918957
162.0 -0.0008574112813515586
163.0 -0.0008419792296735548
164.0 -0.0008272830617468411
165.0 -0.0008125868938201273
166.0 -0.0007978933633598887
167.0 -0.0007841740552966116
168.0 -0.0007704547472333346
169.0 -0.0007567354391700575
170.0 -0.0007436090109938456
171.0 -0.0007308027650819934
172.0 -0.0007179965191701413
173.0 -0.0007053873146974101
174.0 -0.0006934444517004791
175.0 -0.0006815015887035482
176.0 -0.0006695587257066173
177.0 -0.0006582122753433466
178.0 -0.000647077561693952
179.0 -0.0006359428480445574
180.0 -0.0006249434461420907
181.0 -0.0006145720469619191
182.0 -0.0006042006477817476
183.0 -0.0005938292486015759
184.0 -0.000583842428517674
185.0 -0.0005741771872325404
186.0 -0.0005645119459474066
187.0 -0.000554846704662273
188.0 -0.0005457424840215121
189.0 -0.0005367462695387668
190.0 -0.0005277500550560213
191.0 -0.0005187894513437077
192.0 -0.0005104109467155335
193.0 -0.0005020324420873594
194.0 -0.0004936539374591851
195.0 -0.0004853926973880066
196.0 -0.00047759946924157934
197.0 -0.00046980624109515206
198.0 -0.0004620130129487247
199.0 -0.0004543654917924978
200.0 -0.0004471218049547277
201.0 -0.00043987811811695745
202.0 -0.00043263443127918727
203.0 -0.00042552043444145507
204.0 -0.00041879461338527085
205.0 -0.00041206879232908664
206.0 -0.0004053429712729024
207.0 -0.0003986929439818095
208.0 -0.00039245732344430826
209.0 -0.000386221702906807
210.0 -0.0003799860823693058
211.0 -0.0003737504618318045
212.0 -0.00036795699899679974
213.0 -0.000362174379590179
214.0 -0.00035639176018355826
215.0 -0.0003506091407769375
216.0 -0.0003451286187878661
217.0 -0.0003397696414072339
218.0 -0.0003344106640266017
219.0 -0.00032905168664596943
220.0 -0.0003238368552624919
221.0 -0.00031887387126799575
222.0 -0.0003139108872734997
223.0 -0.0003089479032790036
224.0 -0.0003039849192845075
225.0 -0.000299370320591452
226.0 -0.00029478312882970625
227.0 -0.0002901959370679605
228.0 -0.0002856087453062147
229.0 -0.00028116088195250866
230.0 -0.000276921581102989
231.0 -0.00027268228025346936
232.0 -0.00026844297940394974
233.0 -0.00026420367855443
234.0 -0.0002602186863649268
235.0 -0.00025630439005662627
236.0 -0.00025239009374832574
237.0 -0.0002484757974400252
238.0 -0.0002445832726459464
239.0 -0.000240974885725238
240.0 -0.00023736649880452964
241.0 -0.00023375811188382128
242.0 -0.00023014972496311292
243.0 -0.00022661853070823503
244.0 -0.00022330178063001733
245.0 -0.00021998503055179963
246.0 -0.00021666828047358193
247.0 -0.00021335153039536424
248.0 -0.0002101313976764675
249.0 -0.00020708220562808946
250.0 -0.00020403301357971141
251.0 -0.00020098382153133337
252.0 -0.00019793462948295532
253.0 -0.00019497390129908322
254.0 -0.00019217149132343087
255.0 -0.0001893690813477785
256.0 -0.00018656667137212618
257.0 -0.0001837642613964738
258.0 -0.00018102122445591416
259.0 -0.0001784518591282546
260.0 -0.00017588249380059504
261.0 -0.0001733131284729355
262.0 -0.00017074376314527598
263.0 -0.0001681850053272786
264.0 -0.0001658367633673816
265.0 -0.00016348852140748464
266.0 -0.00016114027944758765
267.0 -0.00015879203748769068
268.0 -0.00015644379552779368
269.0 -0.00015424349984037976
270.0 -0.00015209627550516258
271.0 -0.0001499490511699454
272.0 -0.0001478018268347282
273.0 -0.00014565460249951103
274.0 -0.00014356474284681897
275.0 -0.0001415986551259585
276.0 -0.00013963256740509803
277.0 -0.00013766647968423753
278.0 -0.00013570039196337706
279.0 -0.0001337343042425166
280.0 -0.0001319027411274378
281.0 -0.00013010738675869562
282.0 -0.0001283120323899534
283.0 -0.0001265166780212112
284.0 -0.00012472132365246895
285.0 -0.0001229494414358275
286.0 -0.00012131326026045277
287.0 -0.00011967707908507802
288.0 -0.00011804089790970327
289.0 -0.00011640471673432851
290.0 -0.00011476853555895378
291.0 -0.00011319098508056668
292.0 -0.00011170396909581981
293.0 -0.00011021695311107295
294.0 -0.00010872993712632609
295.0 -0.00010724292114157922
296.0 -0.00010575590515683236
297.0 -0.00010434240507385765
298.0 -0.00010299611415453707
299.0 -0.00010164982323521648
