10.0 -0.019604200840236393
11.0 -0.036767726894094646
12.0 -0.04814570699644703
13.0 -0.05556848567684556
14.0 -0.05995456531789115
15.0 -0.06223855374008058
16.0 -0.06305489483071866
17.0 -0.06273555847003905
18.0 -0.06171101250380688
19.0 -0.060176424829658876
20.0 -0.05832711453827341
21.0 -0.05627708894598485
22.0 -0.054120588774360316
23.0 -0.05191813909857731
24.0 -0.04971700341551359
25.0 -0.04754864014581208
26.0 -0.04543400978846448
27.0 -0.043387275871629064
28.0 -0.04141632962269046
29.0 -0.0395316332770245
30.0 -0.03773011933821196
31.0 -0.03600989013167105
32.0 -0.03437799045827037
33.0 -0.032824850017082914
34.0 -0.03135185380213375
35.0 -0.02995321442622884
36.0 -0.028629976358931053
37.0 -0.02737041648012631
38.0 -0.026183044668964924
39.0 -0.025055752542640714
40.0 -0.023984465743663953
41.0 -0.022969825753912525
42.0 -0.022010982743244735
43.0 -0.021100243044259077
44.0 -0.020235300058377936
45.0 -0.019413742570122492
46.0 -0.018633318509672966
47.0 -0.017892113935297747
48.0 -0.017188108159749273
49.0 -0.01651908984661039
50.0 -0.01588314742378919
51.0 -0.01527803271849592
52.0 -0.01470255174356658
53.0 -0.014154839787491286
54.0 -0.013633168517083884
55.0 -0.013135828076670651
56.0 -0.012661452050779799
57.0 -0.012208760042371649
58.0 -0.0117763827692905
59.0 -0.011363019040767433
60.0 -0.010967496357095876
61.0 -0.010590011915795268
62.0 -0.010231399018040474
63.0 -0.009887596652945045
64.0 -0.00955766205848795
65.0 -0.009240726571074104
66.0 -0.008938545978461738
67.0 -0.008650484800305162
68.0 -0.008373052950353245
69.0 -0.008105588092635526
70.0 -0.00785100708825052
71.0 -0.007607301549606338
72.0 -0.007371696720829079
73.0 -0.007145123312366934
74.0 -0.006930006040486975
75.0 -0.006721407938497522
76.0 -0.006520065238825133
77.0 -0.006329251744769991
78.0 -0.006143639441577968
79.0 -0.0059650606080926165
80.0 -0.0057947086688640995
81.0 -0.005628430199999569
82.0 -0.005470215996329806
83.0 -0.005317322782990459
84.0 -0.005168473355110009
85.0 -0.005027503406408123
86.0 -0.004889128685738038
87.0 -0.004757572634479509
88.0 -0.0046296997142947814
89.0 -0.004505965258284084
90.0 -0.004387529434270594
91.0 -0.004271335508254903
92.0 -0.00416143427590789
93.0 -0.0040526359479054735
94.0 -0.003950192193594586
95.0 -0.0038488704143659247
96.0 -0.0037526306155784787
97.0 -0.003657965781574379
98.0 -0.003567660869419146
99.0 -0.003479105745243954
100.0 -0.003394423462713028
101.0 -0.003311389878730346
102.0 -0.0032318993951745327
103.0 -0.0031538350536500456
104.0 -0.0030793726132874134
105.0 -0.0030058749257889233
106.0 -0.0029360367364516314
107.0 -0.0028666011504687003
108.0 -0.002801153283873349
109.0 -0.002735705417277998
110.0 -0.0026741210203746935
111.0 -0.0026128184579776986
112.0 -0.0025543098299926465
113.0 -0.0024968414494229508
114.0 -0.002441132302031329
115.0 -0.00238732242692492
116.0 -0.0023341497733254213
117.0 -0.002283736203626129
118.0 -0.002233322633926837
119.0 -0.0021856437569952596
120.0 -0.002138454846889044
121.0 -0.002092648177600108
122.0 -0.002048456137273907
123.0 -0.002004338894348125
124.0 -0.001963003572872112
125.0 -0.0019216682513960978
126.0 -0.0018817549750943963
127.0 -0.0018430436118335228
128.0 -0.0018043510791412936
129.0 -0.0017681420289374522
130.0 -0.0017319329787336103
131.0 -0.0016967008462916216
132.0 -0.0016628072870570475
133.0 -0.0016289137278224731
134.0 -0.0015967485841634362
135.0 -0.0015650594898405051
136.0 -0.0015335605112271537
137.0 -0.0015039176300794478
138.0 -0.0014742747489317417
139.0 -0.0014453025237869063
140.0 -0.001417590115046608
141.0 -0.0013898777063063093
142.0 -0.0013631440154694024
143.0 -0.0013372226990067864
144.0 -0.0013113013825441706
145.0 -0.0012865428689074027
146.0 -0.0012623095034774278
147.0 -0.0012380761380474529
148.0 -0.0012150669561350905
149.0 -0.0011924160292933082
150.0 -0.001169765102451526
151.0 -0.0011483036975318212
152.0 -0.0011271407246191043
153.0 -0.0011059777517063874
154.0 -0.0010858800280308747
155.0 -0.00106610920778718
156.0 -0.0010463383875434855
157.0 -0.001027442444011505
158.0 -0.001008978127451932
159.0 -0.0009905138108923593
160.0 -0.0009726753286006574
161.0 -0.0009554344235279025
162.0 -0.0009381935184551477
163.0 -0.0009212828516265829
164.0 -0.0009051820067747268
165.0 -0.0008890811619228707
166.0 -0.0008729831996032769
167.0 -0.0008579499816193467
168.0 -0.0008429167636354164
169.0 -0.0008278835456514862
170.0 -0.0008135017988746169
171.0 -0.0007994718763555658
172.0 -0.0007854419538365146
173.0 -0.0007716290028301743
174.0 -0.0007585497914809911
175.0 -0.0007454705801318079
176.0 -0.0007323913687826247
177.0 -0.0007199658476098063
178.0 -0.0007077723976608772
179.0 -0.0006955789477119481
180.0 -0.0006835330514978329
181.0 -0.0006721719749631013
182.0 -0.0006608108984283697
183.0 -0.0006494498218936382
184.0 -0.0006385129263441798
185.0 -0.000627930724050355
186.0 -0.0006173485217565301
187.0 -0.0006067663194627053
188.0 -0.0005967979426930553
189.0 -0.0005869477379322661
190.0 -0.0005770975331714771
191.0 -0.0005672864571864988
192.0 -0.0005581149861380847
193.0 -0.0005489435150896705
194.0 -0.0005397720440412563
195.0 -0.000530728752936296
196.0 -0.0005221970379084322
197.0 -0.0005136653228805685
198.0 -0.0005051336078527046
199.0 -0.0004967621658227373
200.0 -0.0004888349285408301
201.0 -0.000480907691258923
202.0 -0.0004729804539770158
203.0 -0.00046519527769374306
204.0 -0.0004578353048891982
205.0 -0.0004504753320846534
206.0 -0.0004431153592801086
207.0 -0.0004358378066303546
208.0 -0.00042901089089956323
209.0 -0.0004221839751687719
210.0 -0.00041535705943798057
211.0 -0.00040853014370718926
212.0 -0.00040219266310717925
213.0 -0.00039586718536216707
214.0 -0.00038954170761715495
215.0 -0.0003832162298721428
216.0 -0.0003772196820500852
217.0 -0.0003713554745141968
218.0 -0.00036549126697830834
219.0 -0.0003596270594424199
220.0 -0.00035392005462447825
221.0 -0.0003484877094907262
222.0 -0.00034305536435697416
223.0 -0.0003376230192232221
224.0 -0.00033219067408947006
225.0 -0.000327144492491176
226.0 -0.0003221286897792668
227.0 -0.00031711288706735754
228.0 -0.0003120970843554483
229.0 -0.00030723402047806876
230.0 -0.00030259959334652016
231.0 -0.00029796516621497155
232.0 -0.000293330739083423
233.0 -0.0002886963119518744
234.0 -0.0002843371976036306
235.0 -0.0002800546181237661
236.0 -0.0002757720386439017
237.0 -0.0002714894591640373
238.0 -0.00026723104045486693
239.0 -0.00026328794156838404
240.0 -0.0002593448426819012
241.0 -0.00025540174379541826
242.0 -0.00025145864490893537
243.0 -0.0002475991667109022
244.0 -0.00024397198998210083
245.0 -0.0002403448132532995
246.0 -0.00023671763652449815
247.0 -0.00023309045979569683
248.0 -0.00022956956019691498
249.0 -0.00022623669185870603
250.0 -0.00022290382352049704
251.0 -0.00021957095518228807
252.0 -0.00021623808684407913
253.0 -0.00021300183721384048
254.0 -0.00020993850000170379
255.0 -0.00020687516278956706
256.0 -0.0002038118255774304
257.0 -0.0002007484883652937
258.0 -0.00019774945704342553
259.0 -0.00019493852639157486
260.0 -0.0001921275957397242
261.0 -0.00018931666508787353
262.0 -0.0001865057344360229
263.0 -0.00018370655986414095
264.0 -0.00018114069559235093
265.0 -0.00017857483132056087
266.0 -0.00017600896704877085
267.0 -0.00017344310277698081
268.0 -0.0001708772385051908
269.0 -0.00016847181312284486
270.0 -0.00016612394044976855
271.0 -0.00016377606777669227
272.0 -0.00016142819510361596
273.0 -0.00015908032243053968
274.0 -0.00015679560129447454
275.0 -0.00015464713799842402
276.0 -0.00015249867470237352
277.0 -0.000150350211406323
278.0 -0.0001482017481102725
279.0 -0.00014605328481422198
280.0 -0.00014405315502664676
281.0 -0.0001420929508002756
282.0 -0.00014013274657390446
283.0 -0.00013817254234753336
284.0 -0.0001362123381211622
285.0 -0.00013427784196418834
286.0 -0.00013249197349892293
287.0 -0.00013070610503365752
288.0 -0.0001289202365683921
289.0 -0.00012713436810312672
290.0 -0.0001253484996378613
291.0 -0.00012362629415206178
292.0 -0.00012200239375055599
293.0 -0.0001203784933490502
294.0 -0.00011875459294754443
295.0 -0.00011713069254603864
296.0 -0.00011550679214453286
297.0 -0.00011396265356653115
298.0 -0.00011249143425252556
299.0 -0.00011102021493851998
