10.0 0.02189260547582974
11.0 0.013256946346192853
12.0 0.007197347318263036
13.0 0.0033285034201377996
14.0 0.0007884668384467147
15.0 -0.0007536026953196403
16.0 -0.0015634774463149387
17.0 -0.0020102548826410214
18.0 -0.002130071479743334
19.0 -0.0020805620245385507
20.0 -0.0019212119179073301
21.0 -0.0017001399818878224
22.0 -0.001451734191052016
23.0 -0.0011957093730371124
24.0 -0.0009454736376106755
25.0 -0.0007081777836838117
26.0 -0.0004884363628304961
27.0 -0.00028790167593219685
28.0 -0.00010718748951311284
29.0 5.2967277519904656e-05
30.0 0.00019438349777119773
31.0 0.00031902236301776924
32.0 0.00042678340562899125
33.0 0.000519961526122332
34.0 0.0005997046097045598
35.0 0.0006675688761578332
36.0 0.0007242266645614995
37.0 0.0007719047539373819
38.0 0.000810458475175684
39.0 0.0008416484685983755
40.0 0.0008665011822322937
41.0 0.0008854390799951237
42.0 0.0008990078312752066
43.0 0.0009083595830732534
44.0 0.0009140204629177182
45.0 0.000916382596123002
46.0 0.0009158302928677337
47.0 0.000912901829785233
48.0 0.0009079597012615363
49.0 0.0009011943619656992
50.0 0.0008929540775786566
51.0 0.0008833695907258901
52.0 0.0008728870377576552
53.0 0.0008615912677439942
54.0 0.0008496592290324383
55.0 0.0008371543349833426
56.0 0.0008242792760984051
57.0 0.0008112046181958285
58.0 0.0007979707545003766
59.0 0.0007846367919272546
60.0 0.0007712951633230845
61.0 0.0007579573848931155
62.0 0.0007447929544508393
63.0 0.0007317574694123611
64.0 0.0007188698867966093
65.0 0.0007061455875534459
66.0 0.0006936314206344064
67.0 0.0006813437259738217
68.0 0.000669188805215103
69.0 0.0006571443873258109
70.0 0.0006452189959309837
71.0 0.0006333245542311084
72.0 0.0006214124191796119
73.0 0.000609452456805542
74.0 0.0005972683550640962
75.0 0.0005849438350769726
76.0 0.0005724648555724285
77.0 0.0005595874813899282
78.0 0.0005465764068631283
79.0 0.000533405415536661
80.0 0.0005199657345113625
81.0 0.0005064983223057465
82.0 0.0004931356136985422
83.0 0.0004800168021746777
84.0 0.0004670663809077998
85.0 0.000454852935115439
86.0 0.000443010760485782
87.0 0.0004322261230648308
88.0 0.00042217057624245125
89.0 0.0004128567190253582
90.0 0.0004047400896771827
91.0 0.0003970707474120666
92.0 0.0003905783344374025
93.0 0.0003842536195970625
94.0 0.0003787033977328775
95.0 0.0003731815052509688
96.0 0.0003677676526583646
97.0 0.0003622418529234743
98.0 0.00035644567915083116
99.0 0.0003504202208810372
100.0 0.00034394807832436957
101.0 0.0003372520726153733
102.0 0.00033013313799414045
103.0 0.0003229580396474817
104.0 0.00031565953579643633
105.0 0.0003084492729634976
106.0 0.0003015209866277119
107.0 0.0002947066790003605
108.0 0.0002887124686193272
109.0 0.00028271825823829387
110.0 0.0002779005004773723
111.0 0.00027312801475007944
112.0 0.0002692257513455362
113.0 0.0002655979198593549
114.0 0.00026237819884683235
115.0 0.0002595458166150158
116.0 0.0002567704431007313
117.0 0.0002541966415901961
118.0 0.00025162284007966085
119.0 0.00024888103356427663
120.0 0.00024611665632808704
121.0 0.00024310180484641945
122.0 0.00023983184235853075
123.0 0.00023652768385088618
124.0 0.00023269768043899543
125.0 0.00022886767702710468
126.0 0.0002247781946141996
127.0 0.00022049889871468204
128.0 0.000216210889624578
129.0 0.00021173277818582569
130.0 0.00020725466674707338
131.0 0.00020280031801177736
132.0 0.00019837398407418854
133.0 0.0001939476501365997
134.0 0.0001897522950490584
135.0 0.00018560701407730317
136.0 0.00018151513787042332
137.0 0.00017777611297579938
138.0 0.00017403708808117548
139.0 0.00017047406886311255
140.0 0.00016719015804963615
141.0 0.00016390624723615978
142.0 0.00016087963177647432
143.0 0.00015803437660413903
144.0 0.0001551891214318037
145.0 0.00015263040696140734
146.0 0.00015017777407881806
147.0 0.00014772514119622878
148.0 0.00014553556765430244
149.0 0.00014340556409543506
150.0 0.00014127556053656772
151.0 0.0001393601162793262
152.0 0.0001374849236455772
153.0 0.0001356097310118282
154.0 0.00013388998137742826
155.0 0.000132207016289063
156.0 0.0001305240512006977
157.0 0.00012894211574283716
158.0 0.0001274006548329424
159.0 0.00012585919392304763
160.0 0.00012437739993073594
161.0 0.00012294310302336922
162.0 0.0001215088061160025
163.0 0.00012010136357668842
164.0 0.00011874703464820438
165.0 0.00011739270571972034
166.0 0.00011604122422403415
167.0 0.0001147440969956209
168.0 0.00011344696976720767
169.0 0.00011214984253879443
170.0 0.00011088714474848414
171.0 0.00010963938854025833
172.0 0.00010839163233203252
173.0 0.00010715600192067734
174.0 0.00010595198634678382
175.0 0.00010474797077289032
176.0 0.00010354395519899681
177.0 0.00010236770051177698
178.0 0.000101198915021306
179.0 0.00010003012953083502
180.0 9.886911009069525e-05
181.0 9.773434614313278e-05
182.0 9.659958219557032e-05
183.0 9.546481824800786e-05
184.0 9.435663454004592e-05
185.0 9.326642062064301e-05
186.0 9.217620670124009e-05
187.0 9.108599278183718e-05
188.0 9.003408843818338e-05
189.0 8.898683964212217e-05
190.0 8.793959084606093e-05
191.0 8.68970529470561e-05
192.0 8.589193974574698e-05
193.0 8.488682654443787e-05
194.0 8.388171334312874e-05
195.0 8.288568044526287e-05
196.0 8.191609197759783e-05
197.0 8.094650350993278e-05
198.0 7.997691504226775e-05
199.0 7.901955700104117e-05
200.0 7.808800951799562e-05
201.0 7.715646203495009e-05
202.0 7.622491455190455e-05
203.0 7.530584732227766e-05
204.0 7.44148288339984e-05
205.0 7.352381034571915e-05
206.0 7.26327918574399e-05
207.0 7.175065090263039e-05
208.0 7.090125591340333e-05
209.0 7.005186092417628e-05
210.0 6.920246593494924e-05
211.0 6.835483646674003e-05
212.0 6.755460375369177e-05
213.0 6.675437104064349e-05
214.0 6.59541383275952e-05
215.0 6.515390561454694e-05
216.0 6.43862193595926e-05
217.0 6.362802797094466e-05
218.0 6.286983658229673e-05
219.0 6.21116451936488e-05
220.0 6.137145529246893e-05
221.0 6.065549092321187e-05
222.0 5.993952655395481e-05
223.0 5.9223562184697746e-05
224.0 5.850759781544069e-05
225.0 5.7835380302849316e-05
226.0 5.716357707664774e-05
227.0 5.649177385044616e-05
228.0 5.5819970624244575e-05
229.0 5.5164106794987264e-05
230.0 5.4526557668266125e-05
231.0 5.3889008541544986e-05
232.0 5.325145941482384e-05
233.0 5.261391028810271e-05
234.0 5.200157724437966e-05
235.0 5.1393742318507465e-05
236.0 5.078590739263528e-05
237.0 5.0178072466763086e-05
238.0 4.95761238492556e-05
239.0 4.901074356458645e-05
240.0 4.8445363279917305e-05
241.0 4.7879982995248154e-05
242.0 4.731460271057901e-05
243.0 4.676166595358408e-05
244.0 4.623359420114358e-05
245.0 4.570552244870308e-05
246.0 4.5177450696262576e-05
247.0 4.4649378943822074e-05
248.0 4.413509811710838e-05
249.0 4.3638998540622913e-05
250.0 4.3142898964137445e-05
251.0 4.2646799387651984e-05
252.0 4.2150699811166516e-05
253.0 4.166582963114511e-05
254.0 4.1195837534372775e-05
255.0 4.0725845437600435e-05
256.0 4.02558533408281e-05
257.0 3.978586124405576e-05
258.0 3.9325767919620986e-05
259.0 3.888596690079704e-05
260.0 3.8446165881973086e-05
261.0 3.800636486314914e-05
262.0 3.75665638443252e-05
263.0 3.7131194003504295e-05
264.0 3.672755186804378e-05
265.0 3.632390973258327e-05
266.0 3.5920267597122746e-05
267.0 3.5516625461662236e-05
268.0 3.511298332620172e-05
269.0 3.473069206444111e-05
270.0 3.43533418568603e-05
271.0 3.3975991649279475e-05
272.0 3.3598641441698665e-05
273.0 3.322129123411784e-05
274.0 3.2853950829805074e-05
275.0 3.250198605676788e-05
276.0 3.215002128373067e-05
277.0 3.179805651069347e-05
278.0 3.1446091737656266e-05
279.0 3.1094126964619066e-05
280.0 3.076488121700845e-05
281.0 3.0439117294879197e-05
282.0 3.011335337274995e-05
283.0 2.9787589450620697e-05
284.0 2.9461825528491447e-05
285.0 2.914135463990835e-05
286.0 2.883878028438145e-05
287.0 2.8536205928854555e-05
288.0 2.823363157332766e-05
289.0 2.7931057217800763e-05
290.0 2.7628482862273867e-05
291.0 2.733472257966149e-05
292.0 2.7050685491898332e-05
293.0 2.676664840413517e-05
294.0 2.648261131637201e-05
295.0 2.619857422860885e-05
296.0 2.5914537140845687e-05
297.0 2.5641776443423157e-05
298.0 2.5376332144060135e-05
299.0 2.511088784469712e-05
