10.0 0.023876000642873596
11.0 0.015036625962212329
12.0 0.008757089579328619
13.0 0.004667611281175497
14.0 0.0019163573176642565
15.0 0.00017834429290721146
16.0 -0.0008091567261200743
17.0 -0.0014140449789030944
18.0 -0.0016729133533310869
19.0 -0.0017441806982876732
20.0 -0.0016892942468501836
21.0 -0.0015575616359071406
22.0 -0.0013855167422664907
23.0 -0.0011938094422201742
24.0 -0.0009977805597165743
25.0 -0.0008059158162433399
26.0 -0.0006240054006123714
27.0 -0.0004547723725560475
28.0 -0.0002997868379542029
29.0 -0.00016032690614373938
30.0 -3.5552228470011005e-05
31.0 7.582113781897905e-05
32.0 0.00017346129702074545
33.0 0.0002589843910523733
34.0 0.00033325502096449595
35.0 0.0003974478777765654
36.0 0.00045203235223681393
37.0 0.0004988415631746133
38.0 0.0005377320279293211
39.0 0.0005701302334412117
40.0 0.0005969156139850803
41.0 0.0006184334239547711
42.0 0.0006351242547567304
43.0 0.0006480018228205885
44.0 0.0006575173311259904
45.0 0.0006639964506950336
46.0 0.0006677668652222392
47.0 0.0006693191249435305
48.0 0.0006689732958757043
49.0 0.0006668813171440337
50.0 0.0006633574455814919
51.0 0.0006585060151292605
52.0 0.000652753275425072
53.0 0.0006461650392832975
54.0 0.0006389005997691535
55.0 0.0006310091815232946
56.0 0.0006226838556546721
57.0 0.0006140878584094835
58.0 0.0006052548983090365
59.0 0.0005962383491104407
60.0 0.0005871263717086251
61.0 0.0005779218668637309
62.0 0.0005687755644393984
63.0 0.0005596607847362244
64.0 0.0005505967203922448
65.0 0.0005415997865192272
66.0 0.000532699684377641
67.0 0.0005239047234061428
68.0 0.0005151491770537795
69.0 0.0005064149599219784
70.0 0.0004976848255963508
71.0 0.0004888827175780051
72.0 0.00047998852279029867
73.0 0.00047096616205247275
74.0 0.00046161691797478617
75.0 0.00045207577279081634
76.0 0.00044232618308350473
77.0 0.00043210838322486195
78.0 0.0004217305464076523
79.0 0.0004111602349603093
80.0 0.00040029561620852496
81.0 0.00038939632923210184
82.0 0.0003785968018330994
83.0 0.0003680456774983941
84.0 0.0003576660544184824
85.0 0.00034803536444660393
86.0 0.0003387790899082152
87.0 0.0003305877839471914
88.0 0.0003231185823639215
89.0 0.0003163839634401471
90.0 0.0003108095035828575
91.0 0.00030566848181885444
92.0 0.0003016120347447799
93.0 0.0002977026755821003
94.0 0.0002944265731215638
95.0 0.0002911352969161693
96.0 0.00028778615253353105
97.0 0.00028425211149140435
98.0 0.0002802715091939204
99.0 0.00027597084661292533
100.0 0.00027104665343447053
101.0 0.0002658086484420887
102.0 0.00025997778085606177
103.0 0.0002540218280590307
104.0 0.0002477910323195447
105.0 0.0002416101236484554
106.0 0.0002355886304181846
107.0 0.0002296704824539472
108.0 0.00022449592221112077
109.0 0.0002193213619682944
110.0 0.00021530900477250111
111.0 0.0002113413712608828
112.0 0.0002082756523833208
113.0 0.00020549435986067077
114.0 0.00020316038381879418
115.0 0.00020125095708754687
116.0 0.00019941675431161488
117.0 0.00019784852916260136
118.0 0.00019628030401358778
119.0 0.00019460113734565506
120.0 0.0001929070661809694
121.0 0.00019097731314583218
122.0 0.0001888075153148549
123.0 0.00018660286040196104
124.0 0.0001838621951863018
125.0 0.00018112152997064256
126.0 0.00017809222552334414
127.0 0.00017485177636407913
128.0 0.0001715991379713295
129.0 0.00016808055774124067
130.0 0.0001645619775111519
131.0 0.0001610225869543755
132.0 0.00015745866227447427
133.0 0.00015389473759457305
134.0 0.00015047793116050476
135.0 0.00014709301862526991
136.0 0.00014374866275088617
137.0 0.0001406722693146004
138.0 0.0001375958758783146
139.0 0.00013466212950931467
140.0 0.00013195459172714576
141.0 0.00012924705394497685
142.0 0.00012675430397824606
143.0 0.0001244129519258313
144.0 0.00012207159987341656
145.0 0.00011997455648917339
146.0 0.00011796795977187594
147.0 0.00011596136305457849
148.0 0.0001141815117914233
149.0 0.00011245300720475534
150.0 0.00011072450261808737
151.0 0.0001091824413100739
152.0 0.00010767535702052685
153.0 0.00010616827273097981
154.0 0.00010479657345034726
155.0 0.00010345691212648131
156.0 0.00010211725080261535
157.0 0.00010086543233687242
158.0 9.964880552685254e-05
159.0 9.843217871683264e-05
160.0 9.726721011577332e-05
161.0 9.614336336981378e-05
162.0 9.501951662385424e-05
163.0 9.391855463936656e-05
164.0 9.28628550238302e-05
165.0 9.180715540829383e-05
166.0 9.075380117358798e-05
167.0 8.974521760269383e-05
168.0 8.873663403179968e-05
169.0 8.772805046090551e-05
170.0 8.674730902725363e-05
171.0 8.577865043903678e-05
172.0 8.480999185081993e-05
173.0 8.385096469593978e-05
174.0 8.291704897931906e-05
175.0 8.198313326269834e-05
176.0 8.10492175460776e-05
177.0 8.01361336340835e-05
178.0 7.922865461681841e-05
179.0 7.83211755995533e-05
180.0 7.741950648634193e-05
181.0 7.65374795189129e-05
182.0 7.565545255148387e-05
183.0 7.477342558405482e-05
184.0 7.391265247695408e-05
185.0 7.30662482161054e-05
186.0 7.221984395525673e-05
187.0 7.137343969440805e-05
188.0 7.055732182692749e-05
189.0 6.974488449474326e-05
190.0 6.893244716255904e-05
191.0 6.812363020324603e-05
192.0 6.734357450927763e-05
193.0 6.656351881530926e-05
194.0 6.578346312134087e-05
195.0 6.500990554404955e-05
196.0 6.42552723335459e-05
197.0 6.350063912304225e-05
198.0 6.274600591253859e-05
199.0 6.200027676363508e-05
200.0 6.1273338357731e-05
201.0 6.054639995182691e-05
202.0 5.981946154592284e-05
203.0 5.910191377051495e-05
204.0 5.8405470964456914e-05
205.0 5.7709028158398884e-05
206.0 5.701258535234085e-05
207.0 5.632301077563037e-05
208.0 5.565877057840639e-05
209.0 5.49945303811824e-05
210.0 5.4330290183958415e-05
211.0 5.36674803035805e-05
212.0 5.304306836730482e-05
213.0 5.241865643102914e-05
214.0 5.179424449475347e-05
215.0 5.1169832558477784e-05
216.0 5.0570805184448926e-05
217.0 4.99791833174674e-05
218.0 4.938756145048587e-05
219.0 4.8795939583504346e-05
220.0 4.8218219897042197e-05
221.0 4.7659209093308e-05
222.0 4.710019828957381e-05
223.0 4.654118748583962e-05
224.0 4.5982176682105417e-05
225.0 4.545708830097451e-05
226.0 4.4932321168021515e-05
227.0 4.440755403506852e-05
228.0 4.388278690211552e-05
229.0 4.336942762465176e-05
230.0 4.286917621322529e-05
231.0 4.2368924801798826e-05
232.0 4.1868673390372366e-05
233.0 4.136842197894591e-05
234.0 4.088598179295526e-05
235.0 4.040671882489671e-05
236.0 3.992745585683815e-05
237.0 3.94481928887796e-05
238.0 3.897377748891008e-05
239.0 3.852947731169113e-05
240.0 3.808517713447219e-05
241.0 3.7640876957253254e-05
242.0 3.7196576780034305e-05
243.0 3.6762557552806914e-05
244.0 3.634908200700622e-05
245.0 3.5935606461205535e-05
246.0 3.552213091540484e-05
247.0 3.510865536960416e-05
248.0 3.470605664146889e-05
249.0 3.4317797352728714e-05
250.0 3.392953806398853e-05
251.0 3.354127877524835e-05
252.0 3.315301948650817e-05
253.0 3.277288641482812e-05
254.0 3.240351995329561e-05
255.0 3.20341534917631e-05
256.0 3.16647870302306e-05
257.0 3.129542056869809e-05
258.0 3.0933591795885784e-05
259.0 3.058721514964976e-05
260.0 3.0240838503413728e-05
261.0 2.98944618571777e-05
262.0 2.9548085210941675e-05
263.0 2.920530604628613e-05
264.0 2.8888285232016512e-05
265.0 2.8571264417746895e-05
266.0 2.8254243603477286e-05
267.0 2.793722278920767e-05
268.0 2.7620201974938053e-05
269.0 2.7319545093957524e-05
270.0 2.70226751812347e-05
271.0 2.6725805268511878e-05
272.0 2.6428935355789057e-05
273.0 2.6132065443066232e-05
274.0 2.5843061550509748e-05
275.0 2.5566140315568496e-05
276.0 2.5289219080627247e-05
277.0 2.5012297845686e-05
278.0 2.4735376610744746e-05
279.0 2.44584553758035e-05
280.0 2.420018682273752e-05
281.0 2.3944776903870406e-05
282.0 2.3689366985003292e-05
283.0 2.343395706613618e-05
284.0 2.3178547147269062e-05
285.0 2.2927396861523864e-05
286.0 2.269064902841929e-05
287.0 2.245390119531472e-05
288.0 2.221715336221015e-05
289.0 2.1980405529105582e-05
290.0 2.1743657696001012e-05
291.0 2.1513478596102882e-05
292.0 2.1290545757212373e-05
293.0 2.106761291832186e-05
294.0 2.084468007943135e-05
295.0 2.0621747240540834e-05
296.0 2.0398814401650325e-05
297.0 2.0184315505492034e-05
298.0 1.997528875781177e-05
299.0 1.9766262010131504e-05
