10.0 0.0010824539766819165
11.0 -0.0007994383286823067
12.0 -0.0018493209603114601
13.0 -0.00199220035509532
14.0 -0.0019278566602082196
15.0 -0.0016727366850683408
16.0 -0.001257675826427876
17.0 -0.0009549010843738814
18.0 -0.0006092448083520575
19.0 -0.00031179290806307506
20.0 -4.230312702128951e-05
21.0 0.00019426967493810866
22.0 0.0003987013286137666
23.0 0.0005718668193910317
24.0 0.0007177604957535132
25.0 0.0008394769403379338
26.0 0.0009392061202739843
27.0 0.0010198246783649117
28.0 0.0010836297660674103
29.0 0.0011321865091991018
30.0 0.0011681859337648924
31.0 0.0011938327364562275
32.0 0.0012099173365033636
33.0 0.00121829569603373
34.0 0.0012201440307890198
35.0 0.0012166032698791894
36.0 0.0012084484819911542
37.0 0.0011967661713208537
38.0 0.0011819842703914073
39.0 0.0011648036499211426
40.0 0.0011458699869110558
41.0 0.0011255005452792195
42.0 0.0011039297806354946
43.0 0.0010815983652826097
44.0 0.0010587783484884432
45.0 0.0010356637694792334
46.0 0.0010123632521522766
47.0 0.0009890618793244163
48.0 0.0009658472466681639
49.0 0.0009427883938445373
50.0 0.0009201009604447552
51.0 0.0008976723906786729
52.0 0.0008756965491462241
53.0 0.0008540913142130135
54.0 0.0008329716099666374
55.0 0.0008123317030057422
56.0 0.0007921992456066706
57.0 0.0007725956761825509
58.0 0.0007534908163724765
59.0 0.0007349030031554009
60.0 0.0007168787604675978
61.0 0.0006994001463777596
62.0 0.0006826135324583088
63.0 0.0006663574880981305
64.0 0.0006506407381062351
65.0 0.0006354658478251415
66.0 0.0006209307035455227
67.0 0.0006071067899880818
68.0 0.0005938191661484046
69.0 0.000581041015156137
70.0 0.0005689191007554327
71.0 0.0005573399355444493
72.0 0.0005461371301346113
73.0 0.0005353293339680616
74.0 0.0005248615334450112
75.0 0.0005144724201458683
76.0 0.000504142279083156
77.0 0.00049347674770242
78.0 0.00048252957421741124
79.0 0.00047118404430000673
80.0 0.00045895511139273053
81.0 0.0004462814162488269
82.0 0.00043272256865295385
83.0 0.0004186781237868385
84.0 0.0004042984151774735
85.0 0.00038992316950129573
86.0 0.00037583008899205186
87.0 0.0003626889538458088
88.0 0.0003507889626516224
89.0 0.00034015156292372
90.0 0.000332001494857116
91.0 0.00032478069961506607
92.0 0.0003205158060056665
93.0 0.00031665518694158217
94.0 0.0003145571730964537
95.0 0.00031244699284620333
96.0 0.0003102904135234357
97.0 0.0003075868422408552
98.0 0.0003035621793986959
99.0 0.00029865057817480493
100.0 0.0002920110736540589
101.0 0.000284701581302184
102.0 0.00027612632805270926
103.0 0.0002674505651963432
104.0 0.0002585539580380709
105.0 0.00024999720594440336
106.0 0.000242526469659632
107.0 0.0002353500433020382
108.0 0.00023029122964735984
109.0 0.00022523241599268148
110.0 0.00022241752280042457
111.0 0.0002196889797432246
112.0 0.0002180721450420948
113.0 0.00021680589690814395
114.0 0.00021568870650382169
115.0 0.00021471298720346677
116.0 0.00021360151494182876
117.0 0.0002120100459778386
118.0 0.0002104185770138485
119.0 0.00020792654845802052
120.0 0.0002053135337498206
121.0 0.000202222343258855
122.0 0.00019864412503033067
123.0 0.00019502719549886757
124.0 0.00019081498787561492
125.0 0.00018660278025236233
126.0 0.00018227803448391214
127.0 0.00017787096506833314
128.0 0.00017347049462505972
129.0 0.00016921399901184504
130.0 0.00016495750339863037
131.0 0.00016088295453999468
132.0 0.00015702290995829834
133.0 0.00015316286537660198
134.0 0.0001497124224143449
135.0 0.0001463507773611333
136.0 0.00014305539773451544
137.0 0.00014019784126441506
138.0 0.0001373402847943147
139.0 0.00013465172455443954
140.0 0.00013223115719479935
141.0 0.00012981058983515915
142.0 0.00012760168775388452
143.0 0.00012554198259801414
144.0 0.00012348227744214378
145.0 0.00012162499906696497
146.0 0.00011984266206718282
147.0 0.00011806032506740068
148.0 0.00011645370890103814
149.0 0.00011488688484790579
150.0 0.00011332006079477344
151.0 0.00011188894690690225
152.0 0.00011048329243484203
153.0 0.00010907763796278179
154.0 0.00010776135010031389
155.0 0.00010646621024823098
156.0 0.00010517107039614807
157.0 0.00010393282880846681
158.0 0.00010271738183579292
159.0 0.00010150193486311902
160.0 0.00010032288491962642
161.0 9.917280836468466e-05
162.0 9.802273180974291e-05
163.0 9.688943101342333e-05
164.0 9.578930996324748e-05
165.0 9.468918891307162e-05
166.0 9.359074119393302e-05
167.0 9.252423546917752e-05
168.0 9.145772974442201e-05
169.0 9.039122401966653e-05
170.0 8.935356670198944e-05
171.0 8.832842892764848e-05
172.0 8.730329115330753e-05
173.0 8.628897539970248e-05
174.0 8.530287522897601e-05
175.0 8.431677505824955e-05
176.0 8.33306748875231e-05
177.0 8.23613129075125e-05
178.0 8.139645441621054e-05
179.0 8.043159592490858e-05
180.0 7.947174902975448e-05
181.0 7.852884535796988e-05
182.0 7.758594168618527e-05
183.0 7.664303801440067e-05
184.0 7.572422031163811e-05
185.0 7.482168612539266e-05
186.0 7.391915193914723e-05
187.0 7.30166177529018e-05
188.0 7.215389723402845e-05
189.0 7.129601504655554e-05
190.0 7.043813285908264e-05
191.0 6.958509523538261e-05
192.0 6.877054419555309e-05
193.0 6.795599315572356e-05
194.0 6.714144211589405e-05
195.0 6.633209210919947e-05
196.0 6.553788899253655e-05
197.0 6.474368587587363e-05
198.0 6.394948275921073e-05
199.0 6.316531831677368e-05
200.0 6.24023390543032e-05
201.0 6.163935979183276e-05
202.0 6.08763805293623e-05
203.0 6.01250821968075e-05
204.0 5.94000361662624e-05
205.0 5.86749901357173e-05
206.0 5.79499441051722e-05
207.0 5.7233009309239414e-05
208.0 5.654599388340539e-05
209.0 5.585897845757137e-05
210.0 5.517196303173735e-05
211.0 5.448642778017182e-05
212.0 5.384062893315179e-05
213.0 5.319483008613176e-05
214.0 5.254903123911172e-05
215.0 5.1903232392091696e-05
216.0 5.127941702717176e-05
217.0 5.0662014962982964e-05
218.0 5.0044612898794166e-05
219.0 4.9427210834605375e-05
220.0 4.8825986864725715e-05
221.0 4.8246534592370024e-05
222.0 4.766708232001433e-05
223.0 4.708763004765863e-05
224.0 4.650817777530293e-05
225.0 4.5971046328776486e-05
226.0 4.54343156640086e-05
227.0 4.4897584999240714e-05
228.0 4.4360854334472824e-05
229.0 4.383834064130763e-05
230.0 4.3332162547712437e-05
231.0 4.282598445411725e-05
232.0 4.231980636052205e-05
233.0 4.181362826692686e-05
234.0 4.1318409800924186e-05
235.0 4.082514634500442e-05
236.0 4.033188288908465e-05
237.0 3.9838619433164884e-05
238.0 3.935071147683571e-05
239.0 3.889607423610797e-05
240.0 3.844143699538023e-05
241.0 3.798679975465249e-05
242.0 3.7532162513924754e-05
243.0 3.709114212079895e-05
244.0 3.667733129287871e-05
245.0 3.6263520464958486e-05
246.0 3.584970963703825e-05
247.0 3.5435898809118016e-05
248.0 3.502964378925727e-05
249.0 3.4633349959800077e-05
250.0 3.4237056130342884e-05
251.0 3.384076230088569e-05
252.0 3.34444684714285e-05
253.0 3.305407633898512e-05
254.0 3.2671503499391844e-05
255.0 3.228893065979857e-05
256.0 3.1906357820205285e-05
257.0 3.152378498061201e-05
258.0 3.115169360103919e-05
259.0 3.0801089026368016e-05
260.0 3.0450484451696835e-05
261.0 3.0099879877025654e-05
262.0 2.9749275302354477e-05
263.0 2.940282713639454e-05
264.0 2.908613929846857e-05
265.0 2.8769451460542593e-05
266.0 2.8452763622616625e-05
267.0 2.8136075784690653e-05
268.0 2.7819387946764678e-05
269.0 2.7516603733353426e-05
270.0 2.721703711951156e-05
271.0 2.691747050566969e-05
272.0 2.661790389182782e-05
273.0 2.631833727798595e-05
274.0 2.6025765446922347e-05
275.0 2.5743938002933224e-05
276.0 2.5462110558944098e-05
277.0 2.5180283114954972e-05
278.0 2.4898455670965845e-05
279.0 2.461662822697672e-05
280.0 2.4354273612212864e-05
281.0 2.4094903324096737e-05
282.0 2.3835533035980607e-05
283.0 2.357616274786448e-05
284.0 2.3316792459748354e-05
285.0 2.3061837172647877e-05
286.0 2.2821809660127135e-05
287.0 2.2581782147606386e-05
288.0 2.234175463508564e-05
289.0 2.2101727122564894e-05
290.0 2.186169961004415e-05
291.0 2.1627557685128822e-05
292.0 2.139990841300236e-05
293.0 2.1172259140875892e-05
294.0 2.0944609868749423e-05
295.0 2.071696059662296e-05
296.0 2.0489311324496493e-05
297.0 2.0271795861603558e-05
298.0 2.0060855462181474e-05
299.0 1.984991506275939e-05
