10.0 0.02508586347163542
11.0 0.02316687550433278
12.0 0.02127673391544724
13.0 0.019750132960867042
14.0 0.01831704493157937
15.0 0.017050467182849915
16.0 0.015972709592195197
17.0 0.014933357408042117
18.0 0.014029781398912089
19.0 0.013202873856278623
20.0 0.012454304862694773
21.0 0.01177475117888777
22.0 0.011152318874779322
23.0 0.010582556568536992
24.0 0.010057279301976037
25.0 0.00957107808839459
26.0 0.00911932310814812
27.0 0.008698098216322782
28.0 0.00830392854314641
29.0 0.00793548341804676
30.0 0.007589067800281256
31.0 0.007262251182959831
32.0 0.006955141584814874
33.0 0.006664813110977565
34.0 0.006390670471658787
35.0 0.006131229967274661
36.0 0.00588618693510837
37.0 0.005653136439536312
38.0 0.005433548589194662
39.0 0.005224889003381515
40.0 0.005026421738533001
41.0 0.00483827058850238
42.0 0.004660059932936468
43.0 0.004490442945576058
44.0 0.004328986883588769
45.0 0.004175251235635517
46.0 0.004028818053342236
47.0 0.0038893386023941003
48.0 0.003756429078115275
49.0 0.0036297460394426606
50.0 0.00350891263849089
51.0 0.0033934586927207916
52.0 0.0032832392022955617
53.0 0.0031779647022351226
54.0 0.0030772958976188307
55.0 0.0029809493111171382
56.0 0.0028886839647302223
57.0 0.0028002824265961177
58.0 0.002715513036503518
59.0 0.002634162217899823
60.0 0.0025560404212840297
61.0 0.002481140647393672
62.0 0.002409783659723756
63.0 0.002341189209188248
64.0 0.0022752147123248677
65.0 0.002211726167565474
66.0 0.0021510406602067503
67.0 0.0020932290294416256
68.0 0.0020375749076676462
69.0 0.001983966859933752
70.0 0.0019329897847614808
71.0 0.0018843772076643712
72.0 0.0018374799794910373
73.0 0.001792439686066252
74.0 0.0017498195620948831
75.0 0.0017084669408306936
76.0 0.0016684574970121763
77.0 0.0016302595793617754
78.0 0.0015927876620901902
79.0 0.0015562270337862267
80.0 0.0015204584169648224
81.0 0.0014849922550874606
82.0 0.0014499848622541145
83.0 0.0014151661756541256
84.0 0.0013804777747086223
85.0 0.0013460926625124322
86.0 0.0013118862866952309
87.0 0.001278202766674282
88.0 0.0012450872965063021
89.0 0.0012125496923429827
90.0 0.001181241481329233
91.0 0.0011503925744213105
92.0 0.0011214044559904857
93.0 0.0010927438461992528
94.0 0.0010659812715896886
95.0 0.001039604053687133
96.0 0.0010146964723464233
97.0 0.0009902666726936743
98.0 0.000966990808384878
99.0 0.0009442468176831077
100.0 0.0009225390051172932
101.0 0.0009014230381462713
102.0 0.0008814252034404918
103.0 0.0008620402396142671
104.0 0.0008440019036949667
105.0 0.0008264375348293813
106.0 0.0008103877401656807
107.0 0.000794542310506676
108.0 0.0007801673237040353
109.0 0.0007657923369013945
110.0 0.0007524045039396681
111.0 0.000739054658450721
112.0 0.0007259086746993461
113.0 0.0007128269804591226
114.0 0.0006996036045574834
115.0 0.000686245758198644
116.0 0.0006727886782323323
117.0 0.0006589807270666081
118.0 0.000645172775900884
119.0 0.000631163263862978
120.0 0.0006171266730236082
121.0 0.0006032030162515078
122.0 0.000589394384173794
123.0 0.0005756309569239848
124.0 0.0005625626611125846
125.0 0.0005494943653011844
126.0 0.0005370771432507586
127.0 0.0005251361931920137
128.0 0.0005132540593036767
129.0 0.0005026551628267198
130.0 0.0004920562663497631
131.0 0.0004820824490039663
132.0 0.00047284556234632354
133.0 0.00046360867568868074
134.0 0.0004554018915959515
135.0 0.0004474184243787559
136.0 0.0004395748010015411
137.0 0.00043265514166692195
138.0 0.00042573548233230284
139.0 0.00041914772869952794
140.0 0.000413086308493748
141.0 0.00040702488828796805
142.0 0.00040135045680671336
143.0 0.00039594880283677804
144.0 0.0003905471488668428
145.0 0.0003855070673588008
146.0 0.0003806008453011106
147.0 0.0003756946232434204
148.0 0.00037108870722284224
149.0 0.00036655079572739586
150.0 0.0003620128842319496
151.0 0.00035770516302063496
152.0 0.0003534406258268777
153.0 0.0003491760886331204
154.0 0.0003450764566723336
155.0 0.000341015848431875
156.0 0.00033695524019141635
157.0 0.00033300926496147154
158.0 0.0003291092140733197
159.0 0.0003252091631851677
160.0 0.00032138427487540843
161.0 0.00031761921877276157
162.0 0.0003138541626701147
163.0 0.0003101292687832661
164.0 0.0003064838092847374
165.0 0.0003028383497862088
166.0 0.0002991985843125279
167.0 0.0002956675113244689
168.0 0.0002921364383364098
169.0 0.00028860536534835074
170.0 0.00028515465091086804
171.0 0.0002817388102310121
172.0 0.0002783229695511561
173.0 0.00027493942442885955
174.0 0.00027164008150901375
175.0 0.00026834073858916796
176.0 0.0002650413956693222
177.0 0.00026183077056287805
178.0 0.0002586440154001865
179.0 0.000255457260237495
180.0 0.00025229656729596536
181.0 0.00024922398561113396
182.0 0.00024615140392630257
183.0 0.00024307882224147118
184.0 0.00024007637038134957
185.0 0.0002371213303632827
186.0 0.00023416629034521584
187.0 0.000231211250327149
188.0 0.0002283678496405153
189.0 0.0002255380158548594
190.0 0.00022270818206920353
191.0 0.00021989249375596625
192.0 0.0002171891810736737
193.0 0.00021448586839138115
194.0 0.0002117825557090886
195.0 0.00020911140635395488
196.0 0.00020653392576940735
197.0 0.00020395644518485983
198.0 0.00020137896460031227
199.0 0.00019884282152724848
200.0 0.0001963939153343196
201.0 0.00019394500914139074
202.0 0.0001914961029484619
203.0 0.00018908663437437154
204.0 0.0001867657998634737
205.0 0.00018444496535257587
206.0 0.000182124130841678
207.0 0.0001798295457227421
208.0 0.00017763178498511346
209.0 0.00017543402424748485
210.0 0.00017323626350985628
211.0 0.00017104266281941146
212.0 0.0001689607417611164
213.0 0.00016687882070282137
214.0 0.00016479689964452634
215.0 0.00016271497858623128
216.0 0.0001607203978679375
217.0 0.00015875129718341804
218.0 0.0001567821964988986
219.0 0.00015481309581437915
220.0 0.00015289386432685906
221.0 0.00015104174439475987
222.0 0.0001491896244626607
223.0 0.00014733750453056155
224.0 0.00014548538459846236
225.0 0.00014375272193420662
226.0 0.00014202119054026378
227.0 0.00014028965914632095
228.0 0.00013855812775237814
229.0 0.00013688030690763297
230.0 0.00013526420061426322
231.0 0.00013364809432089345
232.0 0.0001320319880275237
233.0 0.00013041588173415394
234.0 0.00012888595941779204
235.0 0.00012737141084863206
236.0 0.00012585686227947212
237.0 0.00012434231371031215
238.0 0.00012284090445150423
239.0 0.00012142112235941107
240.0 0.00012000134026731791
241.0 0.00011858155817522475
242.0 0.00011716177608313158
243.0 0.00011577199643210476
244.0 0.00011444216849680435
245.0 0.00011311234056150394
246.0 0.00011178251262620352
247.0 0.0001104526846909031
248.0 0.00010915744799742995
249.0 0.00010790781462572246
250.0 0.00010665818125401498
251.0 0.00010540854788230749
252.0 0.00010415891451060001
253.0 0.00010294422402723816
254.0 0.00010177583017285667
255.0 0.00010060743631847517
256.0 9.943904246409366e-05
257.0 9.827064860971217e-05
258.0 9.712997824618551e-05
259.0 9.604614054127962e-05
260.0 9.49623028363737e-05
261.0 9.387846513146779e-05
262.0 9.27946274265619e-05
263.0 9.17202359564821e-05
264.0 9.07134805315175e-05
265.0 8.970672510655291e-05
266.0 8.869996968158832e-05
267.0 8.769321425662372e-05
268.0 8.668645883165913e-05
269.0 8.573426476103519e-05
270.0 8.47946973684437e-05
271.0 8.385512997585221e-05
272.0 8.291556258326071e-05
273.0 8.197599519066923e-05
274.0 8.106045038441937e-05
275.0 8.018180564703037e-05
276.0 7.930316090964136e-05
277.0 7.842451617225235e-05
278.0 7.754587143486335e-05
279.0 7.666722669747434e-05
280.0 7.58382840901562e-05
281.0 7.501695862924772e-05
282.0 7.419563316833926e-05
283.0 7.337430770743078e-05
284.0 7.255298224652231e-05
285.0 7.174428469626665e-05
286.0 7.097828398865502e-05
287.0 7.021228328104337e-05
288.0 6.944628257343172e-05
289.0 6.868028186582009e-05
290.0 6.791428115820844e-05
291.0 6.717462342243031e-05
292.0 6.646402578753047e-05
293.0 6.575342815263064e-05
294.0 6.50428305177308e-05
295.0 6.433223288283097e-05
296.0 6.362163524793114e-05
297.0 6.294504476180258e-05
298.0 6.229051894617264e-05
299.0 6.16359931305427e-05
