10.0 0.05383184140229483
11.0 0.04066832413235413
12.0 0.030148117674830124
13.0 0.02207710541392489
14.0 0.015808445182806958
15.0 0.011038706340128553
16.0 0.007490692240152412
17.0 0.0048005963350822075
18.0 0.0028461066387153984
19.0 0.0014300062555681066
20.0 0.0004227194134131176
21.0 -0.0002674852325973432
22.0 -0.0007287854077002099
23.0 -0.0010111043442297735
24.0 -0.001168027297000942
25.0 -0.0012340969402591959
26.0 -0.001235989191716387
27.0 -0.001193559587247324
28.0 -0.0011220134667194162
29.0 -0.0010316019821996834
30.0 -0.0009317723737471944
31.0 -0.0008277912772586852
32.0 -0.000723561755028965
33.0 -0.0006222854822968951
34.0 -0.00052553221701021
35.0 -0.0004344529761802115
36.0 -0.0003500381439188325
37.0 -0.00027182664259877424
38.0 -0.00020068067095821502
39.0 -0.0001359354469421215
40.0 -7.716787080551487e-05
41.0 -2.4381873313535223e-05
42.0 2.2623089573194128e-05
43.0 6.478165037541416e-05
44.0 0.00010241859402550208
45.0 0.0001357655000473458
46.0 0.0001651329867749939
47.0 0.00019104245414941457
48.0 0.0002138443030466255
49.0 0.00023367483200922946
50.0 0.00025083447643871337
51.0 0.00026553454735817636
52.0 0.00027825750569542826
53.0 0.0002891416310014396
54.0 0.0002983553416419373
55.0 0.0003059809918043039
56.0 0.0003122910189282115
57.0 0.00031753064429863886
58.0 0.0003217940303394233
59.0 0.00032517427732772466
60.0 0.00032779621089211046
61.0 0.00032968489525021804
62.0 0.0003309741846722272
63.0 0.00033181429500739036
64.0 0.00033226863326920035
65.0 0.0003323968325910524
66.0 0.0003322161072482956
67.0 0.00033177067382829064
68.0 0.00033111417888117775
69.0 0.0003302560657614132
70.0 0.0003291446022832456
71.0 0.00032773340271717653
72.0 0.000326032207343453
73.0 0.0003239652629227858
74.0 0.0003211171374483711
75.0 0.00031772974303308514
76.0 0.00031373891185564024
77.0 0.00030836716344713195
78.0 0.0003022458739571802
79.0 0.0002951240258878427
80.0 0.0002864141366055879
81.0 0.0002770613474247672
82.0 0.00026666193921727336
83.0 0.00025586585675422115
84.0 0.0002447959043501313
85.0 0.00023427914305679725
86.0 0.0002243801263328217
87.0 0.0002164202438945143
88.0 0.00021034988095090316
89.0 0.0002062016892312082
90.0 0.00020543805586278085
91.0 0.0002059389012721089
92.0 0.00021000092118394887
93.0 0.00021450628491373458
94.0 0.00022066312195120506
95.0 0.00022654863219437934
96.0 0.0002313993822534084
97.0 0.00023511078689426247
98.0 0.0002360704516084267
99.0 0.0002353201527895025
100.0 0.00023123856096625897
101.0 0.00022566780054722064
102.0 0.0002172836586144988
103.0 0.0002083187292906044
104.0 0.00019807766736678814
105.0 0.00018803396128107394
106.0 0.00017862091097330438
107.0 0.0001695596967241612
108.0 0.00016303000600953165
109.0 0.0001565003152949021
110.0 0.00015337964698669323
111.0 0.00015039016405253686
112.0 0.00014956789996369566
113.0 0.00014942908653991054
114.0 0.0001500681707476162
115.0 0.00015144555975155592
116.0 0.00015283824633384615
117.0 0.00015428502224938432
118.0 0.0001557317981649225
119.0 0.00015639562033008814
120.0 0.000156954256161555
121.0 0.00015685881392881232
122.0 0.0001560971853870175
123.0 0.0001552616778041247
124.0 0.00015329010475018172
125.0 0.0001513185316962388
126.0 0.0001488363419731235
127.0 0.00014598062710955703
128.0 0.0001431068497833094
129.0 0.000139838989882604
130.0 0.00013657112998189866
131.0 0.00013328294495449101
132.0 0.00012997079782554958
133.0 0.00012665865069660815
134.0 0.0001235491707207072
135.0 0.00012048362714194943
136.0 0.0001174659293625115
137.0 0.00011476435418215884
138.0 0.00011206277900180616
139.0 0.00010951733484506014
140.0 0.0001072194820260299
141.0 0.00010492162920699965
142.0 0.00010283654803779582
143.0 0.0001009014436442466
144.0 9.896633925069737e-05
145.0 9.725878809375534e-05
146.0 9.563548049623293e-05
147.0 9.401217289871052e-05
148.0 9.2596604450466e-05
149.0 9.122807868685676e-05
150.0 8.985955292324752e-05
151.0 8.865868314981146e-05
152.0 8.748926587338477e-05
153.0 8.631984859695805e-05
154.0 8.526126868471877e-05
155.0 8.422891769332111e-05
156.0 8.319656670192345e-05
157.0 8.223494251214014e-05
158.0 8.130165293379807e-05
159.0 8.036836335545601e-05
160.0 7.947661408893538e-05
161.0 7.861793245518586e-05
162.0 7.775925082143635e-05
163.0 7.691657923067008e-05
164.0 7.610557292395431e-05
165.0 7.529456661723854e-05
166.0 7.448496657534076e-05
167.0 7.370221053616431e-05
168.0 7.291945449698787e-05
169.0 7.21366984578114e-05
170.0 7.137441256719213e-05
171.0 7.062101024894002e-05
172.0 6.986760793068793e-05
173.0 6.912210188836433e-05
174.0 6.839718331610115e-05
175.0 6.767226474383799e-05
176.0 6.69473461715748e-05
177.0 6.622483885049831e-05
178.0 6.550298028786154e-05
179.0 6.478112172522478e-05
180.0 6.406143096448831e-05
181.0 6.334906911668378e-05
182.0 6.263670726887923e-05
183.0 6.19243454210747e-05
184.0 6.122961933524863e-05
185.0 6.0546816050668655e-05
186.0 5.9864012766088684e-05
187.0 5.918120948150871e-05
188.0 5.853555443083389e-05
189.0 5.78944137963995e-05
190.0 5.725327316196511e-05
191.0 5.661526360927137e-05
192.0 5.600212825488878e-05
193.0 5.538899290050619e-05
194.0 5.4775857546123606e-05
195.0 5.4163169042233475e-05
196.0 5.355178189426519e-05
197.0 5.2940394746296914e-05
198.0 5.232900759832863e-05
199.0 5.172128808301954e-05
200.0 5.112130857960726e-05
201.0 5.0521329076194984e-05
202.0 4.992134957278269e-05
203.0 4.932861609755768e-05
204.0 4.875216770594468e-05
205.0 4.817571931433169e-05
206.0 4.759927092271869e-05
207.0 4.702965831864755e-05
208.0 4.648526042813809e-05
209.0 4.594086253762863e-05
210.0 4.539646464711918e-05
211.0 4.485339636486372e-05
212.0 4.434602242792459e-05
213.0 4.383864849098547e-05
214.0 4.3331274554046336e-05
215.0 4.2823900617107204e-05
216.0 4.2332844995041935e-05
217.0 4.1846549959140164e-05
218.0 4.13602549232384e-05
219.0 4.087395988733662e-05
220.0 4.0399542102664005e-05
221.0 3.994110814873411e-05
222.0 3.9482674194804204e-05
223.0 3.902424024087431e-05
224.0 3.8565806286944404e-05
225.0 3.8141799362698734e-05
226.0 3.7718118465302205e-05
227.0 3.729443756790569e-05
228.0 3.6870756670509166e-05
229.0 3.645249959906738e-05
230.0 3.604047461779288e-05
231.0 3.562844963651839e-05
232.0 3.5216424655243894e-05
233.0 3.480439967396941e-05
234.0 3.438915398104593e-05
235.0 3.3973333768259004e-05
236.0 3.355751355547207e-05
237.0 3.314169334268515e-05
238.0 3.273138566470295e-05
239.0 3.2355324274042505e-05
240.0 3.197926288338206e-05
241.0 3.160320149272162e-05
242.0 3.122714010206117e-05
243.0 3.086680551517408e-05
244.0 3.0537896666846725e-05
245.0 3.0208987818519375e-05
246.0 2.9880078970192024e-05
247.0 2.955117012186467e-05
248.0 2.9227514507536073e-05
249.0 2.891078448788696e-05
250.0 2.8594054468237847e-05
251.0 2.827732444858873e-05
252.0 2.7960594428939617e-05
253.0 2.7643752696638873e-05
254.0 2.7326762953700494e-05
255.0 2.700977321076212e-05
256.0 2.6692783467823744e-05
257.0 2.6375793724885365e-05
258.0 2.6066652022591078e-05
259.0 2.5773598662746253e-05
260.0 2.5480545302901432e-05
261.0 2.5187491943056608e-05
262.0 2.4894438583211787e-05
263.0 2.4605520022206417e-05
264.0 2.4346207060256728e-05
265.0 2.4086894098307035e-05
266.0 2.3827581136357346e-05
267.0 2.3568268174407653e-05
268.0 2.330895521245796e-05
269.0 2.30580257276343e-05
270.0 2.2809036360825342e-05
271.0 2.256004699401638e-05
272.0 2.231105762720742e-05
273.0 2.206206826039846e-05
274.0 2.1818009973164974e-05
275.0 2.158152610665812e-05
276.0 2.1345042240151264e-05
277.0 2.110855837364441e-05
278.0 2.0872074507137553e-05
279.0 2.06355906406307e-05
280.0 2.0420212578169393e-05
281.0 2.020806910543854e-05
282.0 1.9995925632707683e-05
283.0 1.9783782159976825e-05
284.0 1.957163868724597e-05
285.0 1.9363731054217953e-05
286.0 1.9170145424744544e-05
287.0 1.897655979527113e-05
288.0 1.8782974165797726e-05
289.0 1.8589388536324317e-05
290.0 1.8395802906850905e-05
291.0 1.8204872018665702e-05
292.0 1.8016869693367353e-05
293.0 1.7828867368069003e-05
294.0 1.7640865042770654e-05
295.0 1.7452862717472305e-05
296.0 1.7264860392173956e-05
297.0 1.708332903061252e-05
298.0 1.69059961887101e-05
299.0 1.672866334680769e-05
