10.0 0.05169879174947498
11.0 0.03857000619046813
12.0 0.028133840908195408
13.0 0.020181522660628896
14.0 0.014053841375128428
15.0 0.009437405941876684
16.0 0.006047398907120964
17.0 0.0035142884925952415
18.0 0.0017117250418176991
19.0 0.0004396327057322894
20.0 -0.00043299051208250776
21.0 -0.0009990481263551872
22.0 -0.0013466892568127706
23.0 -0.0015263588707809166
24.0 -0.0015909078371356656
25.0 -0.001574346825815959
26.0 -0.0015027309281634158
27.0 -0.0013951956319835067
28.0 -0.0012661778602337348
29.0 -0.0011256173906675712
30.0 -0.0009818738877456204
31.0 -0.0008394196572027672
32.0 -0.0007020299219922616
33.0 -0.0005719629291536909
34.0 -0.00045044998805251585
35.0 -0.00033808986761382147
36.0 -0.0002356165327052707
37.0 -0.00014188261555597744
38.0 -5.787346152860869e-05
39.0 1.7709453983380825e-05
40.0 8.554482539842319e-05
41.0 0.00014572743813707822
42.0 0.00019863556239711424
43.0 0.0002455004993665296
44.0 0.00028678690621841766
45.0 0.00032285346481671784
46.0 0.00035412489186534534
47.0 0.00038122470283755264
48.0 0.0004045954879850229
49.0 0.000424454178997118
50.0 0.0004411780190778487
51.0 0.0004550520308845111
52.0 0.0004666060362987943
53.0 0.00047602856825686515
54.0 0.00048353652857571544
55.0 0.0004892524679313445
56.0 0.0004934831286777224
57.0 0.0004965035018037156
58.0 0.0004984341714379938
59.0 0.0004993916188489833
60.0 0.0004995210199608634
61.0 0.0004988627069482015
62.0 0.0004975657872715799
63.0 0.0004958039705362091
64.0 0.0004936519517427691
65.0 0.0004911787435818133
66.0 0.0004884145569505499
67.0 0.00048541999557983294
68.0 0.0004822488269037239
69.0 0.000478913042624386
70.0 0.00047537959675431437
71.0 0.0004716045200382273
72.0 0.00046758412440305264
73.0 0.00046324814687703954
74.0 0.0004581979841765072
75.0 0.0004526409363622251
76.0 0.00044651410489105533
77.0 0.0004390392139273382
78.0 0.00043081796158526135
79.0 0.00042159710015333735
80.0 0.00041075365555054004
81.0 0.00039923927042839725
82.0 0.00038660662670348734
83.0 0.0003734961919924546
84.0 0.00036005588311549314
85.0 0.00034701224630103486
86.0 0.0003345335251808064
87.0 0.0003238572382651145
88.0 0.0003149978578838051
89.0 0.00030798678098215693
90.0 0.00030430643165311495
91.0 0.00030187044979921717
92.0 0.0003030303075124287
93.0 0.00030465116227402844
94.0 0.00030808359903754164
95.0 0.00031131038856421143
96.0 0.00031375290032274934
97.0 0.00031518139946907163
98.0 0.0003141608616976256
99.0 0.000311594482221868
100.0 0.0003060165463265081
101.0 0.0002991108870732711
102.0 0.0002896968534419515
103.0 0.0002798187745000682
104.0 0.00026892107399330273
105.0 0.0002582748514827004
106.0 0.0002484322335314129
107.0 0.00023894866090571804
108.0 0.0002320484837831553
109.0 0.00022514830666059253
110.0 0.00022156899506766407
111.0 0.0002181174764120488
112.0 0.00021668617017910944
113.0 0.0002158919549011593
114.0 0.00021575577378779364
115.0 0.00021624413472229046
116.0 0.00021670075939709098
117.0 0.00021704517068181001
118.0 0.00021738958196652902
119.0 0.00021681884204189007
120.0 0.0002161251556463432
121.0 0.00021474426516829482
122.0 0.000212663449136497
123.0 0.00021050959447668126
124.0 0.0002072325976900768
125.0 0.00020395560090347237
126.0 0.00020021326262095732
127.0 0.00019613051878940386
128.0 0.00019203490651181619
129.0 0.00018765853349678375
130.0 0.00018328216048175129
131.0 0.00017894803650424243
132.0 0.0001746637216000877
133.0 0.000170379406695933
134.0 0.0001664090855686578
135.0 0.00016250683543894934
136.0 0.00015866854386463436
137.0 0.00015525283368831333
138.0 0.0001518371235119923
139.0 0.00014861735942408279
140.0 0.0001457083250875661
141.0 0.00014279929075104933
142.0 0.00014015138170732157
143.0 0.00013768753256765678
144.0 0.00013522368342799195
145.0 0.00013303350461481753
146.0 0.00013094464258691418
147.0 0.00012885578055901086
148.0 0.00012701276238755556
149.0 0.0001252254157399734
150.0 0.00012343806909239122
151.0 0.00012184673122124074
152.0 0.00012029216486924779
153.0 0.00011873759851725483
154.0 0.00011731326832636967
155.0 0.00011591975765185839
156.0 0.00011452624697734712
157.0 0.00011321577214857137
158.0 0.00011193856318748521
159.0 0.00011066135422639907
160.0 0.00010943301047119738
161.0 0.00010824356523679685
162.0 0.00010705412000239633
163.0 0.00010588427606437904
164.0 0.00010475320033069339
165.0 0.00010362212459700775
166.0 0.00010249291233361516
167.0 0.00010139927160765767
168.0 0.00010030563088170018
169.0 9.921199015574269e-05
170.0 9.814508481316302e-05
171.0 9.708978201036647e-05
172.0 9.603447920756993e-05
173.0 9.498956450267775e-05
174.0 9.39717340406017e-05
175.0 9.295390357852566e-05
176.0 9.193607311644959e-05
177.0 9.092757355167137e-05
178.0 8.992158450856993e-05
179.0 8.891559546546848e-05
180.0 8.791369674916208e-05
181.0 8.692562662528382e-05
182.0 8.593755650140556e-05
183.0 8.49494863775273e-05
184.0 8.398419302488758e-05
185.0 8.303429809488683e-05
186.0 8.208440316488609e-05
187.0 8.113450823488534e-05
188.0 8.022957420106854e-05
189.0 7.933010401246263e-05
190.0 7.843063382385673e-05
191.0 7.753541866992857e-05
192.0 7.667400671411585e-05
193.0 7.581259475830314e-05
194.0 7.495118280249042e-05
195.0 7.409306979491766e-05
196.0 7.32445642643431e-05
197.0 7.239605873376856e-05
198.0 7.154755320319399e-05
199.0 7.070648850281361e-05
200.0 6.98811266057335e-05
201.0 6.90557647086534e-05
202.0 6.82304028115733e-05
203.0 6.741566977480359e-05
204.0 6.662482456656312e-05
205.0 6.583397935832265e-05
206.0 6.504313415008216e-05
207.0 6.426121653181952e-05
208.0 6.35122295192419e-05
209.0 6.276324250666427e-05
210.0 6.201425549408663e-05
211.0 6.126694375563463e-05
212.0 6.056460602585033e-05
213.0 5.9862268296066025e-05
214.0 5.915993056628172e-05
215.0 5.845759283649741e-05
216.0 5.77789727788057e-05
217.0 5.710727194178519e-05
218.0 5.64355711047647e-05
219.0 5.57638702677442e-05
220.0 5.5108482992434535e-05
221.0 5.4475049720131654e-05
222.0 5.384161644782877e-05
223.0 5.3208183175525884e-05
224.0 5.2574749903222996e-05
225.0 5.198719059045526e-05
226.0 5.1400065707919306e-05
227.0 5.081294082538336e-05
228.0 5.02258159428474e-05
229.0 4.964950078930299e-05
230.0 4.908560624186236e-05
231.0 4.852171169442174e-05
232.0 4.795781714698112e-05
233.0 4.739392259954049e-05
234.0 4.68352172731112e-05
235.0 4.627743761494153e-05
236.0 4.571965795677186e-05
237.0 4.516187829860218e-05
238.0 4.461066789905975e-05
239.0 4.41002686193395e-05
240.0 4.3589869339619245e-05
241.0 4.3079470059898996e-05
242.0 4.256907078017875e-05
243.0 4.207639700267034e-05
244.0 4.161914281876641e-05
245.0 4.116188863486249e-05
246.0 4.070463445095856e-05
247.0 4.024738026705464e-05
248.0 3.9798475342204096e-05
249.0 3.9360577652913874e-05
250.0 3.8922679963623646e-05
251.0 3.8484782274333425e-05
252.0 3.8046884585043196e-05
253.0 3.7612501118526224e-05
254.0 3.718277372583686e-05
255.0 3.67530463331475e-05
256.0 3.632331894045814e-05
257.0 3.589359154776878e-05
258.0 3.547445022101085e-05
259.0 3.5077010139394366e-05
260.0 3.467957005777788e-05
261.0 3.42821299761614e-05
262.0 3.3884689894544924e-05
263.0 3.349235203370171e-05
264.0 3.313654661575898e-05
265.0 3.278074119781624e-05
266.0 3.2424935779873505e-05
267.0 3.2069130361930764e-05
268.0 3.171332494398803e-05
269.0 3.137161037873153e-05
270.0 3.1033156741694676e-05
271.0 3.0694703104657816e-05
272.0 3.0356249467620967e-05
273.0 3.001779583058411e-05
274.0 2.968664281773735e-05
275.0 2.936670398189511e-05
276.0 2.9046765146052867e-05
277.0 2.872682631021063e-05
278.0 2.840688747436839e-05
279.0 2.8086948638526146e-05
280.0 2.779228589725942e-05
281.0 2.750149686749705e-05
282.0 2.7210707837734676e-05
283.0 2.69199188079723e-05
284.0 2.6629129778209926e-05
285.0 2.634365369095644e-05
286.0 2.6076141451921e-05
287.0 2.580862921288556e-05
288.0 2.5541116973850123e-05
289.0 2.527360473481468e-05
290.0 2.5006092495779242e-05
291.0 2.4743805659370825e-05
292.0 2.4487283196413922e-05
293.0 2.4230760733457016e-05
294.0 2.3974238270500106e-05
295.0 2.37177158075432e-05
296.0 2.3461193344586294e-05
297.0 2.321448047651747e-05
298.0 2.2974132313716536e-05
299.0 2.2733784150915605e-05
