10.0 0.052590757955958155
11.0 0.039418952372619116
12.0 0.028929116123661204
13.0 0.02092070834353673
14.0 0.014739138483494783
15.0 0.010072751931558465
16.0 0.006636669704870425
17.0 0.004060401322652922
18.0 0.0022163473884273866
19.0 0.0009034041722395719
20.0 -1.0092642558800783e-05
21.0 -0.0006173047625715559
22.0 -0.0010062993910285793
23.0 -0.0012271996725577569
24.0 -0.0013323920004170732
25.0 -0.0013553827623756058
26.0 -0.0013217388405689081
27.0 -0.0012501802157839589
28.0 -0.0011548346861801062
29.0 -0.0010452472728632012
30.0 -0.000929775098478403
31.0 -0.0008129384143199743
32.0 -0.0006982906950045104
33.0 -0.000588380372817252
34.0 -0.0004844767135651193
35.0 -0.0003873949514244137
36.0 -0.00029794311776076306
37.0 -0.00021539083604009277
38.0 -0.00014058163388913988
39.0 -7.265936378652857e-05
40.0 -1.1124569182789334e-05
41.0 4.4048952374712997e-05
42.0 9.310236496472828e-05
43.0 0.0001370331555633141
44.0 0.00017619121398934753
45.0 0.00021082892100033937
46.0 0.00024127388407177216
47.0 0.00026806165480610484
48.0 0.00029155525519371066
49.0 0.00031190172304426195
50.0 0.0003294125928417812
51.0 0.0003443113813629362
52.0 0.00035708405750355305
53.0 0.00036787448244733536
54.0 0.0003768577500040642
55.0 0.0003841206329442278
56.0 0.0003899386894084435
57.0 0.00039455966393876
58.0 0.0003980802734804623
59.0 0.00040059638882396925
60.0 0.0004022358507084233
61.0 0.0004030197507425168
62.0 0.00040306740959160587
63.0 0.0004025598726654235
64.0 0.000401570851226582
65.0 0.00040017182430046307
66.0 0.0003983838740470322
67.0 0.0003962854008440016
68.0 0.00039397660616984255
69.0 0.0003914919988056914
70.0 0.0003888482061581628
71.0 0.00038609650209540594
72.0 0.00038325920668367175
73.0 0.00038032403705668885
74.0 0.0003771636814475031
75.0 0.00037386660996940776
76.0 0.00037042004657730716
77.0 0.0003664674373496252
78.0 0.00036221218534209236
79.0 0.0003575466484369302
80.0 0.0003519510312782711
81.0 0.00034593704451791257
82.0 0.00033916461019857763
83.0 0.000331800864501064
84.0 0.0003240288684318476
85.0 0.00031567417911506235
86.0 0.00030736162526392
87.0 0.00029934683955073555
88.0 0.00029186159922495647
89.0 0.00028491505506414704
90.0 0.0002793332305167527
91.0 0.00027426126835305856
92.0 0.0002708664474036146
93.0 0.000267710799281501
94.0 0.00026566098074151017
95.0 0.00026358704287702514
96.0 0.0002614211210390453
97.0 0.00025892002847239035
98.0 0.0002556094336585325
99.0 0.0002517790192917658
100.0 0.0002469359100887611
101.0 0.0002417041761697508
102.0 0.0002357382409018415
103.0 0.00022978193938160652
104.0 0.0002238468055720578
105.0 0.00021814367839509776
106.0 0.00021318193452237968
107.0 0.00020840179218554992
108.0 0.00020492830546497536
109.0 0.00020145481874440078
110.0 0.0001992388149237989
111.0 0.00019707120132917113
112.0 0.00019538230044720384
113.0 0.00019384436563981908
114.0 0.00019228831971549183
115.0 0.00019071508447992042
116.0 0.00018902359369348434
117.0 0.00018691397372656214
118.0 0.0001848043537596399
119.0 0.0001821310665283958
120.0 0.00017938205312184198
121.0 0.00017637152268870366
122.0 0.0001730946340450891
123.0 0.00016980378370872552
124.0 0.0001662982392342976
125.0 0.00016279269475986968
126.0 0.00015929357009571168
127.0 0.00015579914163651039
128.0 0.0001523155351593908
129.0 0.00014906804014917153
130.0 0.0001458205451389523
131.0 0.0001427312596352687
132.0 0.00013982849362121749
133.0 0.00013692572760716628
134.0 0.00013435612736285288
135.0 0.0001318587544299421
136.0 0.00012940919358566413
137.0 0.0001272755326101557
138.0 0.00012514187163464727
139.0 0.00012313005894063478
140.0 0.0001213114722840686
141.0 0.00011949288562750243
142.0 0.00011781436608836974
143.0 0.00011623457593665798
144.0 0.00011465478578494622
145.0 0.00011320870644655591
146.0 0.0001118121288204464
147.0 0.00011041555119433687
148.0 0.00010913142308434755
149.0 0.00010787275925079638
150.0 0.00010661409541724518
151.0 0.00010544151882632898
152.0 0.00010428509232190073
153.0 0.00010312866581747246
154.0 0.00010202318469675378
155.0 0.00010092975946031526
156.0 9.983633422387675e-05
157.0 9.87756392324372e-05
158.0 9.772805665034255e-05
159.0 9.66804740682479e-05
160.0 9.565415650198798e-05
161.0 9.464476667901312e-05
162.0 9.363537685603824e-05
163.0 9.263463697905283e-05
164.0 9.165100530078147e-05
165.0 9.066737362251012e-05
166.0 8.968457473814961e-05
167.0 8.87176729463733e-05
168.0 8.7750771154597e-05
169.0 8.678386936282068e-05
170.0 8.583413482676026e-05
171.0 8.489185048374911e-05
172.0 8.394956614073796e-05
173.0 8.30161192803482e-05
174.0 8.210571383980301e-05
175.0 8.119530839925782e-05
176.0 8.02849029587126e-05
177.0 7.938557646561491e-05
178.0 7.848923081528454e-05
179.0 7.759288516495416e-05
180.0 7.670096576081567e-05
181.0 7.582401062668317e-05
182.0 7.494705549255064e-05
183.0 7.407010035841815e-05
184.0 7.321082476400777e-05
185.0 7.23635015671454e-05
186.0 7.151617837028305e-05
187.0 7.066885517342069e-05
188.0 6.985424804021022e-05
189.0 6.904361670648058e-05
190.0 6.823298537275093e-05
191.0 6.742607281500456e-05
192.0 6.664870326473754e-05
193.0 6.587133371447053e-05
194.0 6.509396416420352e-05
195.0 6.432200177459162e-05
196.0 6.356578657706668e-05
197.0 6.280957137954174e-05
198.0 6.205335618201681e-05
199.0 6.130747705410004e-05
200.0 6.058341071638545e-05
201.0 5.985934437867085e-05
202.0 5.9135278040956255e-05
203.0 5.8421731233759404e-05
204.0 5.773182654188606e-05
205.0 5.7041921850012725e-05
206.0 5.635201715813938e-05
207.0 5.566931643074374e-05
208.0 5.501318848661584e-05
209.0 5.4357060542487935e-05
210.0 5.3700932598360026e-05
211.0 5.3046167364701335e-05
212.0 5.242798513051469e-05
213.0 5.180980289632804e-05
214.0 5.119162066214139e-05
215.0 5.057343842795475e-05
216.0 4.997479936941312e-05
217.0 4.9381861694395824e-05
218.0 4.878892401937854e-05
219.0 4.819598634436124e-05
220.0 4.761682440324454e-05
221.0 4.705620117910669e-05
222.0 4.649557795496884e-05
223.0 4.593495473083098e-05
224.0 4.5374331506693125e-05
225.0 4.485578237621268e-05
226.0 4.433763169091651e-05
227.0 4.381948100562034e-05
228.0 4.330133032032416e-05
229.0 4.279753020523348e-05
230.0 4.2310219197319034e-05
231.0 4.182290818940459e-05
232.0 4.1335597181490134e-05
233.0 4.0848286173575694e-05
234.0 4.0373936289464736e-05
235.0 3.990189844812236e-05
236.0 3.942986060677998e-05
237.0 3.8957822765437594e-05
238.0 3.849071821175534e-05
239.0 3.805426140772619e-05
240.0 3.761780460369705e-05
241.0 3.718134779966791e-05
242.0 3.674489099563876e-05
243.0 3.631972977423708e-05
244.0 3.5917139701534536e-05
245.0 3.551454962883198e-05
246.0 3.5111959556129436e-05
247.0 3.470936948342689e-05
248.0 3.431526918476016e-05
249.0 3.3932361369410645e-05
250.0 3.3549453554061137e-05
251.0 3.316654573871163e-05
252.0 3.278363792336212e-05
253.0 3.240782260781684e-05
254.0 3.2041404306872426e-05
255.0 3.167498600592801e-05
256.0 3.130856770498359e-05
257.0 3.0942149404039165e-05
258.0 3.058457609847466e-05
259.0 3.02451348746729e-05
260.0 2.9905693650871133e-05
261.0 2.956625242706937e-05
262.0 2.922681120326761e-05
263.0 2.8891263914831766e-05
264.0 2.858359761738685e-05
265.0 2.8275931319941928e-05
266.0 2.796826502249701e-05
267.0 2.7660598725052094e-05
268.0 2.7352932427607176e-05
269.0 2.7058515700176163e-05
270.0 2.6767165209950138e-05
271.0 2.6475814719724112e-05
272.0 2.6184464229498086e-05
273.0 2.589311373927206e-05
274.0 2.5608432240280626e-05
275.0 2.533399469388817e-05
276.0 2.5059557147495713e-05
277.0 2.4785119601103256e-05
278.0 2.4510682054710796e-05
279.0 2.423624450831834e-05
280.0 2.3979637373062026e-05
281.0 2.372576285413372e-05
282.0 2.3471888335205417e-05
283.0 2.321801381627711e-05
284.0 2.2964139297348805e-05
285.0 2.2714342184796777e-05
286.0 2.2478331389176317e-05
287.0 2.2242320593555858e-05
288.0 2.20063097979354e-05
289.0 2.1770299002314935e-05
290.0 2.1534288206694473e-05
291.0 2.1304641300889188e-05
292.0 2.1082014684259172e-05
293.0 2.0859388067629163e-05
294.0 2.0636761450999147e-05
295.0 2.0414134834369132e-05
296.0 2.019150821773912e-05
297.0 1.99793196522211e-05
298.0 1.9773903549751456e-05
299.0 1.956848744728181e-05
