10.0 0.05275584688021002
11.0 0.0396293435149297
12.0 0.029169699438608285
13.0 0.02117229903611194
14.0 0.014982116959348642
15.0 0.01029003679348626
16.0 0.006815357426441798
17.0 0.00419244088197127
18.0 0.002298504087959237
19.0 0.0009365165613141087
20.0 -2.2208439379226434e-05
21.0 -0.0006686637112834722
22.0 -0.0010899888587583804
23.0 -0.0013354917764740008
24.0 -0.001457990665587769
25.0 -0.0014915552833124478
26.0 -0.0014625458110123944
27.0 -0.0013906253250266336
28.0 -0.0012909025072225396
29.0 -0.0011736958432434187
30.0 -0.001048422053324731
31.0 -0.0009203589018090009
32.0 -0.0007936075541905368
33.0 -0.0006713219103338557
34.0 -0.0005551661266199228
35.0 -0.00044628397869536575
36.0 -0.0003457435554981899
37.0 -0.0002528846480790933
38.0 -0.0001688115228998869
39.0 -9.257998515070438e-05
40.0 -2.3683541438047324e-05
41.0 3.785724457984674e-05
42.0 9.230806734326349e-05
43.0 0.00014080539598737638
44.0 0.00018376139065460023
45.0 0.00022149808333295378
46.0 0.00025441729096727783
47.0 0.00028313071839917135
48.0 0.0003080772247288478
49.0 0.0003294756053292003
50.0 0.00034770998514565356
51.0 0.0003630763281377471
52.0 0.0003761167209612108
53.0 0.00038703318462702017
54.0 0.00039605493597969865
55.0 0.000403315460828874
56.0 0.0004091304128951608
57.0 0.0004137804654566775
58.0 0.00041738778227107156
59.0 0.00042006618819500534
60.0 0.0004219543244603299
61.0 0.0004230832557027015
62.0 0.0004235789351932479
63.0 0.0004235815727511825
64.0 0.00042313428125168864
65.0 0.0004222744243312913
66.0 0.0004209627881168104
67.0 0.0004191543204339468
68.0 0.00041689407614699
69.0 0.0004141634506219452
70.0 0.0004107445304725977
71.0 0.00040651246853317156
72.0 0.00040156246029188864
73.0 0.00039574379295088946
74.0 0.00038836657734538267
75.0 0.0003800120760082546
76.0 0.00037058238133738105
77.0 0.00035914694233847263
78.0 0.0003467818958393613
79.0 0.0003332116892156675
80.0 0.0003182158758272855
81.0 0.00030281331473029394
82.0 0.00028706363248121123
83.0 0.0002719189689364197
84.0 0.00025719201950982236
85.0 0.0002452681453421233
86.0 0.00023480448712678007
87.0 0.00022852560632636825
88.0 0.00022559933076477917
89.0 0.00022608359493739457
90.0 0.000231715255509766
91.0 0.00023926999520581336
92.0 0.0002516054032361251
93.0 0.00026446667756607273
94.0 0.0002787966231829159
95.0 0.000292474456306468
96.0 0.0003036653251573185
97.0 0.0003127810478640273
98.0 0.00031688489058468404
99.0 0.0003179506476966642
100.0 0.00031309770938686026
101.0 0.0003054562258034689
102.0 0.000292546539717732
103.0 0.0002782071918301726
104.0 0.00026072652569104866
105.0 0.00024318926574148905
106.0 0.00022547115878030613
107.0 0.00020819282968901167
108.0 0.00019407878123435093
109.0 0.00017996473277969016
110.0 0.00017132224331698474
111.0 0.00016289030938235614
112.0 0.0001587901080208091
113.0 0.00015605595490783528
114.0 0.00015551060118668063
115.0 0.00015704264302961494
116.0 0.00015903675479196847
117.0 0.00016266465807887498
118.0 0.0001662925613657815
119.0 0.00017002356488031136
120.0 0.00017376841944918777
121.0 0.00017687087254737862
122.0 0.00017931903208627872
123.0 0.0001816515046007082
124.0 0.0001822050147464302
125.0 0.00018275852489215222
126.0 0.0001822061101147888
127.0 0.00018084469166174537
128.0 0.00017941909171562015
129.0 0.0001765931950063897
130.0 0.00017376729829715924
131.0 0.00017052756899563556
132.0 0.00016679995596576965
133.0 0.0001630723429359038
134.0 0.00015908038759699235
135.0 0.00015503112524755771
136.0 0.0001509927256849144
137.0 0.0001470260977812796
138.0 0.00014305946987764478
139.0 0.00013922791400107964
140.0 0.00013561055427270877
141.0 0.00013199319454433787
142.0 0.00012864447921212693
143.0 0.0001254851237893147
144.0 0.00012232576836650248
145.0 0.00011952151089753353
146.0 0.00011684871592068465
147.0 0.00011417592094383578
148.0 0.00011187399151027157
149.0 0.0001096560448544143
150.0 0.00010743809819855702
151.0 0.0001055493177673397
152.0 0.00010372228937782026
153.0 0.00010189526098830081
154.0 0.00010031357263058616
155.0 9.878994235031381e-05
156.0 9.726631207004144e-05
157.0 9.590812958257227e-05
158.0 9.461622888384355e-05
159.0 9.332432818511482e-05
160.0 9.212925457962395e-05
161.0 9.101125894059726e-05
162.0 8.98932633015706e-05
163.0 8.881489513437948e-05
164.0 8.78149037181559e-05
165.0 8.681491230193231e-05
166.0 8.581865377855912e-05
167.0 8.489365195204097e-05
168.0 8.396865012552284e-05
169.0 8.304364829900471e-05
170.0 8.215813789747829e-05
171.0 8.128976586360058e-05
172.0 8.042139382972286e-05
173.0 7.95644506745681e-05
174.0 7.873730532545039e-05
175.0 7.79101599763327e-05
176.0 7.708301462721501e-05
177.0 7.626338254781577e-05
178.0 7.544577194886902e-05
179.0 7.462816134992228e-05
180.0 7.381435754028721e-05
181.0 7.301342373847516e-05
182.0 7.221248993666313e-05
183.0 7.141155613485109e-05
184.0 7.063615211799673e-05
185.0 6.98780077212414e-05
186.0 6.911986332448609e-05
187.0 6.836171892773076e-05
188.0 6.765269732169577e-05
189.0 6.694964533254131e-05
190.0 6.624659334338686e-05
191.0 6.55469785865428e-05
192.0 6.487467017466572e-05
193.0 6.420236176278866e-05
194.0 6.353005335091159e-05
195.0 6.285568951726995e-05
196.0 6.217533970995174e-05
197.0 6.149498990263353e-05
198.0 6.081464009531533e-05
199.0 6.013341274817976e-05
200.0 5.945033347931225e-05
201.0 5.8767254210444736e-05
202.0 5.808417494157722e-05
203.0 5.7406867658376515e-05
204.0 5.674253262242107e-05
205.0 5.6078197586465616e-05
206.0 5.541386255051017e-05
207.0 5.4757978331065226e-05
208.0 5.4133266074816956e-05
209.0 5.350855381856867e-05
210.0 5.28838415623204e-05
211.0 5.2260927226841454e-05
212.0 5.168627944250522e-05
213.0 5.1111631658168986e-05
214.0 5.053698387383275e-05
215.0 4.996233608949651e-05
216.0 4.9412639691461084e-05
217.0 4.887022242888188e-05
218.0 4.832780516630266e-05
219.0 4.778538790372346e-05
220.0 4.725627258057988e-05
221.0 4.674505836472006e-05
222.0 4.6233844148860245e-05
223.0 4.572262993300043e-05
224.0 4.521141571714061e-05
225.0 4.472676873631463e-05
226.0 4.4242373349425385e-05
227.0 4.375797796253614e-05
228.0 4.327358257564691e-05
229.0 4.278661473667757e-05
230.0 4.229669109613053e-05
231.0 4.1806767455583485e-05
232.0 4.1316843815036435e-05
233.0 4.082692017448939e-05
234.0 4.032697804866277e-05
235.0 3.982524879644232e-05
236.0 3.932351954422188e-05
237.0 3.882179029200144e-05
238.0 3.832768694554308e-05
239.0 3.7880959074989744e-05
240.0 3.74342312044364e-05
241.0 3.698750333388306e-05
242.0 3.6540775463329725e-05
243.0 3.6117788321446e-05
244.0 3.5742240566683806e-05
245.0 3.5366692811921615e-05
246.0 3.4991145057159424e-05
247.0 3.461559730239724e-05
248.0 3.4248340289053054e-05
249.0 3.389201336461547e-05
250.0 3.3535686440177876e-05
251.0 3.317935951574029e-05
252.0 3.2823032591302704e-05
253.0 3.2463101108561726e-05
254.0 3.209839386439085e-05
255.0 3.173368662021998e-05
256.0 3.13689793760491e-05
257.0 3.1004272131878226e-05
258.0 3.064612308801973e-05
259.0 3.0301418237083082e-05
260.0 2.995671338614644e-05
261.0 2.9612008535209798e-05
262.0 2.9267303684273156e-05
263.0 2.8926965565151987e-05
264.0 2.861789370984008e-05
265.0 2.8308821854528182e-05
266.0 2.799974999921628e-05
267.0 2.7690678143904378e-05
268.0 2.7381606288592475e-05
269.0 2.7081190188691792e-05
270.0 2.678277721789275e-05
271.0 2.6484364247093702e-05
272.0 2.618595127629466e-05
273.0 2.588753830549562e-05
274.0 2.5595691206969687e-05
275.0 2.5313929664410277e-05
276.0 2.5032168121850866e-05
277.0 2.4750406579291456e-05
278.0 2.4468645036732046e-05
279.0 2.4186883494172636e-05
280.0 2.3936537438574227e-05
281.0 2.3691005992799817e-05
282.0 2.344547454702541e-05
283.0 2.3199943101251e-05
284.0 2.2954411655476587e-05
285.0 2.2714945876504755e-05
286.0 2.2495989018455827e-05
287.0 2.2277032160406896e-05
288.0 2.2058075302357968e-05
289.0 2.1839118444309037e-05
290.0 2.1620161586260106e-05
291.0 2.140247406469663e-05
292.0 2.1186186804521613e-05
293.0 2.0969899544346596e-05
294.0 2.075361228417158e-05
295.0 2.0537325023996564e-05
296.0 2.0321037763821547e-05
297.0 2.0108182423996022e-05
298.0 1.9897553798094625e-05
299.0 1.9686925172193227e-05
