10.0 0.008057419112095541
11.0 0.0074437510536298854
12.0 0.0068430402798563585
13.0 0.0063616416963545265
14.0 0.005910492693536795
15.0 0.005511523618609134
16.0 0.005170791556511336
17.0 0.004839172838865973
18.0 0.0045481743123125026
19.0 0.00427916654475507
20.0 0.004033507220502741
21.0 0.0038089768007463195
22.0 0.003602552137227029
23.0 0.0034134671792162338
24.0 0.0032395594392083896
25.0 0.0030793682448125264
26.0 0.00293151769438199
27.0 0.0027947198250156367
28.0 0.00266772754660517
29.0 0.0025499777723373947
30.0 0.002440007810642362
31.0 0.002336815595980377
32.0 0.002240267540576964
33.0 0.0021492221808783302
34.0 0.00206335574572929
35.0 0.0019820805454337375
36.0 0.0019052143913537744
37.0 0.001831962744162858
38.0 0.0017627230943621961
39.0 0.0016967144648276469
40.0 0.0016337104856803985
41.0 0.001573748065149187
42.0 0.0015167255354011536
43.0 0.0014622580816036914
44.0 0.0014102328905453716
45.0 0.0013605354115514665
46.0 0.0013130581023065302
47.0 0.0012677147001598332
48.0 0.001224406018944729
49.0 0.0011830437258857499
50.0 0.0011435273579887928
51.0 0.0011057242762074846
52.0 0.001069603842779299
53.0 0.0010350880647830515
54.0 0.0010020810566720329
55.0 0.0009705033646638773
56.0 0.0009402877651544892
57.0 0.0009113731410130817
58.0 0.0008836922333901758
59.0 0.0008571819690343052
60.0 0.0008317852906740633
61.0 0.0008075071974041366
62.0 0.0007844644341514383
63.0 0.0007623849343174319
64.0 0.0007412142387234355
65.0 0.0007208988920011052
66.0 0.0007015332548707998
67.0 0.0006831064997611459
68.0 0.000665353243218887
69.0 0.0006482178179426308
70.0 0.0006318280628257928
71.0 0.0006160333110766897
72.0 0.0006006311366636317
73.0 0.000585626035429621
74.0 0.0005710351714930348
75.0 0.0005566180734086093
76.0 0.000542374507950186
77.0 0.000528291214660794
78.0 0.0005142622481658651
79.0 0.0005002984573714745
80.0 0.00048642362935655893
81.0 0.0004726221571500505
82.0 0.00045900914662890246
83.0 0.00044566504500471137
84.0 0.000432506602174158
85.0 0.00042003607250172396
86.0 0.00040786120150220975
87.0 0.00039650154125243795
88.0 0.00038577045078621447
89.0 0.00037567879206629027
90.0 0.0003665613911730413
91.0 0.0003578079752426846
92.0 0.00035015461346629364
93.0 0.000342663904319406
94.0 0.0003359609027769549
95.0 0.00032934448211867785
96.0 0.0003230582553577036
97.0 0.00031677915861815566
98.0 0.00031051728226175386
99.0 0.0003041912075828353
100.0 0.00029774006390767744
101.0 0.0002912371825345507
102.0 0.0002846365567667078
103.0 0.00027807783172284755
104.0 0.0002716111728647334
105.0 0.0002652666338452041
106.0 0.0002593123319858511
107.0 0.0002534596040343907
108.0 0.0002483377185648698
109.0 0.0002432158330953489
110.0 0.00023900454408050316
111.0 0.00023482829647116188
112.0 0.00023126317695663288
113.0 0.00022789078181958736
114.0 0.00022476308209344657
115.0 0.000221867623459416
116.0 0.00021899114587124426
117.0 0.0002161817816582306
118.0 0.00021337241744521693
119.0 0.000210364403341326
120.0 0.00020732970151328647
121.0 0.0002041086869348699
122.0 0.00020069791059819438
123.0 0.00019726588403737343
124.0 0.00019350708488252764
125.0 0.00018974828572768183
126.0 0.00018587569722067364
127.0 0.00018191986978647332
128.0 0.00017796451268046578
129.0 0.000174019417084659
130.0 0.00017007432148885223
131.0 0.00016622045819729352
132.0 0.00016247415230351045
133.0 0.00015872784640972738
134.0 0.00015525396212082306
135.0 0.000151839136360362
136.0 0.0001484759218920955
137.0 0.00014545370905955527
138.0 0.00014243149622701506
139.0 0.00013956237333700576
140.0 0.00013693601926248548
141.0 0.00013430966518796517
142.0 0.00013189301665494387
143.0 0.00012962418368370714
144.0 0.0001273553507124704
145.0 0.00012530612230746423
146.0 0.00012333819474704235
147.0 0.00012137026718662048
148.0 0.00011959839656584081
149.0 0.00011787092318464839
150.0 0.00011614344980345597
151.0 0.00011457218146316886
152.0 0.00011303021740587722
153.0 0.00011148825334858556
154.0 0.00011005934921015306
155.0 0.00010865719994525855
156.0 0.00010725505068036406
157.0 0.00010592771264021992
158.0 0.0001046303455154341
159.0 0.00010333297839064826
160.0 0.0001020796945253121
161.0 0.00010086150257361156
162.0 9.964331062191103e-05
163.0 9.844585684226222e-05
164.0 9.728941982374224e-05
165.0 9.613298280522225e-05
166.0 9.497908317274687e-05
167.0 9.387361936616636e-05
168.0 9.276815555958582e-05
169.0 9.16626917530053e-05
170.0 9.05873336612746e-05
171.0 8.95250407554553e-05
172.0 8.846274784963603e-05
173.0 8.741092841440691e-05
174.0 8.638641580889802e-05
175.0 8.536190320338914e-05
176.0 8.433739059788025e-05
177.0 8.334001323185222e-05
178.0 8.234993672926174e-05
179.0 8.135986022667126e-05
180.0 8.037775256500044e-05
181.0 7.942258599110182e-05
182.0 7.846741941720323e-05
183.0 7.751225284330462e-05
184.0 7.657941866487286e-05
185.0 7.566168248520212e-05
186.0 7.474394630553138e-05
187.0 7.382621012586063e-05
188.0 7.294417122431858e-05
189.0 7.206647041251005e-05
190.0 7.118876960070152e-05
191.0 7.03153095317182e-05
192.0 6.947553912233427e-05
193.0 6.863576871295033e-05
194.0 6.77959983035664e-05
195.0 6.69651205952055e-05
196.0 6.616014096535815e-05
197.0 6.53551613355108e-05
198.0 6.455018170566347e-05
199.0 6.375612607621776e-05
200.0 6.298512398046163e-05
201.0 6.22141218847055e-05
202.0 6.144311978894938e-05
203.0 6.0683344017547984e-05
204.0 5.994879884504132e-05
205.0 5.921425367253465e-05
206.0 5.8479708500027995e-05
207.0 5.775335769409276e-05
208.0 5.705723290156904e-05
209.0 5.6361108109045334e-05
210.0 5.566498331652162e-05
211.0 5.4970203495213685e-05
212.0 5.431153044962138e-05
213.0 5.365285740402907e-05
214.0 5.2994184358436755e-05
215.0 5.233551131284445e-05
216.0 5.170550575297231e-05
217.0 5.1083863436297604e-05
218.0 5.046222111962288e-05
219.0 4.9840578802948174e-05
220.0 4.923481055697348e-05
221.0 4.865040486824134e-05
222.0 4.806599917950921e-05
223.0 4.748159349077708e-05
224.0 4.689718780204494e-05
225.0 4.6347924657310384e-05
226.0 4.579899431540534e-05
227.0 4.5250063973500294e-05
228.0 4.470113363159525e-05
229.0 4.41665518167658e-05
230.0 4.364845676151333e-05
231.0 4.313036170626086e-05
232.0 4.261226665100839e-05
233.0 4.2094171595755916e-05
234.0 4.160032461097534e-05
235.0 4.1110803067170154e-05
236.0 4.062128152336496e-05
237.0 4.0131759979559765e-05
238.0 3.964658021833686e-05
239.0 3.918837351743347e-05
240.0 3.873016681653009e-05
241.0 3.8271960115626705e-05
242.0 3.781375341472332e-05
243.0 3.736610872809818e-05
244.0 3.6939569353407736e-05
245.0 3.651302997871729e-05
246.0 3.608649060402685e-05
247.0 3.56599512293364e-05
248.0 3.524407170440306e-05
249.0 3.4842245579485664e-05
250.0 3.444041945456826e-05
251.0 3.4038593329650875e-05
252.0 3.363676720473348e-05
253.0 3.32445938620323e-05
254.0 3.286520971043837e-05
255.0 3.248582555884445e-05
256.0 3.210644140725052e-05
257.0 3.17270572556566e-05
258.0 3.13565325266978e-05
259.0 3.1004169455115965e-05
260.0 3.065180638353414e-05
261.0 3.0299443311952308e-05
262.0 2.9947080240370476e-05
263.0 2.959807876682565e-05
264.0 2.927314669243034e-05
265.0 2.8948214618035035e-05
266.0 2.862328254363973e-05
267.0 2.8298350469244428e-05
268.0 2.7973418394849123e-05
269.0 2.7666919150438953e-05
270.0 2.7364685661750238e-05
271.0 2.706245217306153e-05
272.0 2.6760218684372814e-05
273.0 2.6457985195684105e-05
274.0 2.616356258601641e-05
275.0 2.5881137934005738e-05
276.0 2.5598713281995064e-05
277.0 2.5316288629984394e-05
278.0 2.503386397797372e-05
279.0 2.475143932596305e-05
280.0 2.4486453241907268e-05
281.0 2.4224139721886432e-05
282.0 2.3961826201865596e-05
283.0 2.3699512681844753e-05
284.0 2.3437199161823917e-05
285.0 2.317909136907294e-05
286.0 2.2935203765265467e-05
287.0 2.2691316161457993e-05
288.0 2.244742855765052e-05
289.0 2.2203540953843044e-05
290.0 2.1959653350035566e-05
291.0 2.1723322654477695e-05
292.0 2.1495328319655785e-05
293.0 2.1267333984833874e-05
294.0 2.1039339650011966e-05
295.0 2.0811345315190055e-05
296.0 2.0583350980368144e-05
297.0 2.0365021709027773e-05
298.0 2.0152963367441104e-05
299.0 1.994090502585443e-05
