10.0 0.08970319374708471
11.0 0.07600705129033045
12.0 0.06377587074964244
13.0 0.05317834002854973
14.0 0.043985237189617124
15.0 0.03612181646602366
16.0 0.029477291705890946
17.0 0.023844804530281705
18.0 0.019143249179358453
19.0 0.015232065847747027
20.0 0.011986088051486607
21.0 0.009321324725229367
22.0 0.007130634266702814
23.0 0.005360369823752168
24.0 0.003927900502149219
25.0 0.0027770129637341035
26.0 0.0018598557236018981
27.0 0.0011353056583046411
28.0 0.0005679734255883284
29.0 0.00013591782035602852
30.0 -0.00019290331480440145
31.0 -0.00043980043118575394
32.0 -0.0006146237160911125
33.0 -0.0007367253077260794
34.0 -0.0008148609366488302
35.0 -0.0008594104820121993
36.0 -0.0008765078547416886
37.0 -0.0008746914536902039
38.0 -0.0008555477288645182
39.0 -0.0008256118925339507
40.0 -0.000787787784967638
41.0 -0.0007439664544030471
42.0 -0.0006962333645718127
43.0 -0.0006464135192428808
44.0 -0.0005956790778507447
45.0 -0.0005450552479564018
46.0 -0.0004952662852652351
47.0 -0.00044666649196820844
48.0 -0.0003996173907927784
49.0 -0.0003545676359175475
50.0 -0.00031173468781790315
51.0 -0.0002712360579516613
52.0 -0.00023289431432668904
53.0 -0.0001967678845708879
54.0 -0.00016288081051166948
55.0 -0.0001312695957648717
56.0 -0.00010174425038577026
57.0 -7.410735883172504e-05
58.0 -4.82839496145452e-05
59.0 -2.420050479650894e-05
60.0 -1.74821084544483e-06
61.0 1.9060512399081726e-05
62.0 3.8214359638297526e-05
63.0 5.6068147672384946e-05
64.0 7.269989895991573e-05
65.0 8.818477566445673e-05
66.0 0.00010239685034677295
67.0 0.00011529892087789275
68.0 0.00012717384921872506
69.0 0.00013805581183150712
70.0 0.00014763093908807807
71.0 0.00015590543606051034
72.0 0.00016312878693290966
73.0 0.0001691373850112864
74.0 0.00017318490714333487
75.0 0.00017604794815867677
76.0 0.00017761711898120242
77.0 0.00017684192643707688
78.0 0.0001749222020401997
79.0 0.00017150341737619457
80.0 0.00016615543730972082
81.0 0.00016010622427519377
82.0 0.0001530629371378902
83.0 0.00014596050437494968
84.0 0.0001388172365722281
85.0 0.00013317611629857061
86.0 0.00012853225030502928
87.0 0.0001268563377922261
88.0 0.0001277422265774359
89.0 0.00013123418571558645
90.0 0.00013883973768507888
91.0 0.0001479821373894051
92.0 0.00016102761922905497
93.0 0.00017449930627986713
94.0 0.00018913628249807584
95.0 0.0002031883439936441
96.0 0.00021500971364884824
97.0 0.00022501745507572785
98.0 0.00023064493295088623
99.0 0.0002336429423379507
100.0 0.00023151831032947338
101.0 0.0002270029390603943
102.0 0.0002179709122166492
103.0 0.00020775246699088792
104.0 0.00019492716907264506
105.0 0.00018207930158149215
106.0 0.00016915931242574437
107.0 0.0001566160212763486
108.0 0.00014678313983369933
109.0 0.00013695025839105011
110.0 0.000131609262097941
111.0 0.00012644112170405783
112.0 0.00012465646724837617
113.0 0.0001239388235007596
114.0 0.00012482713100457954
115.0 0.00012723965128840411
116.0 0.0001299367420403604
117.0 0.00013364001995021696
118.0 0.00013734329786007355
119.0 0.0001408073038103381
120.0 0.00014423916464325126
121.0 0.00014702577647225198
122.0 0.00014915519449541017
123.0 0.00015118479475608113
124.0 0.00015167946018714707
125.0 0.00015217412561821297
126.0 0.00015176825021877668
127.0 0.00015070361324631814
128.0 0.00014958990790039475
129.0 0.00014740564029057826
130.0 0.0001452213726807618
131.0 0.00014273310324063013
132.0 0.0001398864339326312
133.0 0.00013703976462463231
134.0 0.00013402231246179586
135.0 0.000130967836127934
136.0 0.00012792423994864273
137.0 0.00012495253017923928
138.0 0.0001219808204098358
139.0 0.00011911811512520156
140.0 0.00011642826828713095
141.0 0.00011373842144906032
142.0 0.00011125060936963892
143.0 0.00010890520593205064
144.0 0.00010655980249446236
145.0 0.00010447567543580458
146.0 0.00010248827674050281
147.0 0.00010050087804520104
148.0 9.878513734641885e-05
149.0 9.713091380270032e-05
150.0 9.547669025898179e-05
151.0 9.406300508430273e-05
152.0 9.269444524230661e-05
153.0 9.132588540031048e-05
154.0 9.013280024651942e-05
155.0 8.898124000393844e-05
156.0 8.782967976135745e-05
157.0 8.679618931039672e-05
158.0 8.581000004642804e-05
159.0 8.482381078245934e-05
160.0 8.390387595296211e-05
161.0 8.303668211679149e-05
162.0 8.216948828062087e-05
163.0 8.132731232176565e-05
164.0 8.053461769112181e-05
165.0 7.974192306047798e-05
166.0 7.895157754719129e-05
167.0 7.8206074023778e-05
168.0 7.746057050036469e-05
169.0 7.671506697695138e-05
170.0 7.599211152225283e-05
171.0 7.52789414093464e-05
172.0 7.456577129643997e-05
173.0 7.385896755351227e-05
174.0 7.316876245183225e-05
175.0 7.247855735015226e-05
176.0 7.178835224847226e-05
177.0 7.109592180721317e-05
178.0 7.04028926279042e-05
179.0 6.970986344859525e-05
180.0 6.901858502611528e-05
181.0 6.833322556899961e-05
182.0 6.764786611188395e-05
183.0 6.696250665476827e-05
184.0 6.629129586820901e-05
185.0 6.562965040619576e-05
186.0 6.496800494418249e-05
187.0 6.430635948216924e-05
188.0 6.3682260645231e-05
189.0 6.306272463877469e-05
190.0 6.244318863231837e-05
191.0 6.182573653966388e-05
192.0 6.122483964724493e-05
193.0 6.062394275482598e-05
194.0 6.0023045862407037e-05
195.0 5.9419407684420885e-05
196.0 5.8807786101992855e-05
197.0 5.8196164519564824e-05
198.0 5.758454293713679e-05
199.0 5.697118337497779e-05
200.0 5.635415605624548e-05
201.0 5.573712873751317e-05
202.0 5.512010141878086e-05
203.0 5.4507788543009445e-05
204.0 5.390607114048464e-05
205.0 5.3304353737959826e-05
206.0 5.270263633543502e-05
207.0 5.210851226806822e-05
208.0 5.154239722962677e-05
209.0 5.097628219118532e-05
210.0 5.041016715274387e-05
211.0 4.984537304954299e-05
212.0 4.931604045801351e-05
213.0 4.878670786648403e-05
214.0 4.825737527495455e-05
215.0 4.772804268342507e-05
216.0 4.721846522521211e-05
217.0 4.6714650985508636e-05
218.0 4.621083674580517e-05
219.0 4.57070225061017e-05
220.0 4.521477917864725e-05
221.0 4.473810742573971e-05
222.0 4.426143567283216e-05
223.0 4.378476391992462e-05
224.0 4.330809216701707e-05
225.0 4.285555100116418e-05
226.0 4.240323835398796e-05
227.0 4.195092570681175e-05
228.0 4.149861305963554e-05
229.0 4.1045481918972153e-05
230.0 4.0591410312066683e-05
231.0 4.013733870516121e-05
232.0 3.968326709825573e-05
233.0 3.922919549135026e-05
234.0 3.8767901771448614e-05
235.0 3.8305319750132696e-05
236.0 3.784273772881678e-05
237.0 3.738015570750086e-05
238.0 3.692373417413954e-05
239.0 3.650558429764908e-05
240.0 3.608743442115862e-05
241.0 3.5669284544668156e-05
242.0 3.52511346681777e-05
243.0 3.485443494744988e-05
244.0 3.450059752708374e-05
245.0 3.414676010671759e-05
246.0 3.3792922686351454e-05
247.0 3.343908526598531e-05
248.0 3.309147347288797e-05
249.0 3.275206922795993e-05
250.0 3.241266498303187e-05
251.0 3.207326073810381e-05
252.0 3.173385649317577e-05
253.0 3.139146460311139e-05
254.0 3.1045114313929204e-05
255.0 3.069876402474702e-05
256.0 3.0352413735564838e-05
257.0 3.000606344638265e-05
258.0 2.966680172002082e-05
259.0 2.9342071420202283e-05
260.0 2.901734112038375e-05
261.0 2.8692610820565212e-05
262.0 2.836788052074668e-05
263.0 2.8047149289106855e-05
264.0 2.7755051810569003e-05
265.0 2.746295433203115e-05
266.0 2.7170856853493292e-05
267.0 2.687875937495544e-05
268.0 2.6586661896417584e-05
269.0 2.6303764401401797e-05
270.0 2.6022995981648906e-05
271.0 2.5742227561896015e-05
272.0 2.5461459142143128e-05
273.0 2.5180690722390237e-05
274.0 2.4905121689589774e-05
275.0 2.4637539213018106e-05
276.0 2.4369956736446438e-05
277.0 2.410237425987477e-05
278.0 2.3834791783303103e-05
279.0 2.3567209306731438e-05
280.0 2.3326466272136173e-05
281.0 2.3089836541312724e-05
282.0 2.285320681048928e-05
283.0 2.261657707966583e-05
284.0 2.2379947348842385e-05
285.0 2.2148656555230104e-05
286.0 2.1935417501787515e-05
287.0 2.1722178448344927e-05
288.0 2.150893939490234e-05
289.0 2.129570034145975e-05
290.0 2.1082461288017162e-05
291.0 2.0871227385386765e-05
292.0 2.0662205453571453e-05
293.0 2.0453183521756144e-05
294.0 2.0244161589940835e-05
295.0 2.003513965812553e-05
296.0 1.9826117726310216e-05
297.0 1.9622146728733953e-05
298.0 1.9421452900921155e-05
299.0 1.9220759073108354e-05
