10.0 0.05276470871137516
11.0 0.03961768211583074
12.0 0.029138592317762394
13.0 0.02112603435530744
14.0 0.014927012041823711
15.0 0.010233135052413236
16.0 0.006763409671469573
17.0 0.004151174474858957
18.0 0.002272100289073664
19.0 0.0009275407728101122
20.0 -1.2798928146918219e-05
21.0 -0.0006412392422849161
22.0 -0.001045952119430468
23.0 -0.001277124658846133
24.0 -0.0013879838670946513
25.0 -0.0014128128218696765
26.0 -0.0013779830362437532
27.0 -0.0013029958140395976
28.0 -0.0012026776997468229
29.0 -0.0010871274315400804
30.0 -0.0009652543379034557
31.0 -0.0008419320647981911
32.0 -0.0007210016045265124
33.0 -0.000605197073282146
34.0 -0.0004959210505924828
35.0 -0.0003940509062050398
36.0 -0.0003004504047006612
37.0 -0.0002143174651283278
38.0 -0.00013657669145844377
39.0 -6.624800098176008e-05
40.0 -2.78140473001765e-06
41.0 5.386770981630824e-05
42.0 0.00010398796910037061
43.0 0.0001486618492913282
44.0 0.00018828361888303385
45.0 0.00022314802770941655
46.0 0.0002536224302261814
47.0 0.0002802790328464252
48.0 0.00030351413288623127
49.0 0.0003235041719529199
50.0 0.0003405878880955029
51.0 0.0003550134644443557
52.0 0.00036728693217891824
53.0 0.00037757167418742544
54.0 0.00038606039205850814
55.0 0.0003928555755687732
56.0 0.00039824687093464005
57.0 0.0004024944543772423
58.0 0.0004057057787827272
59.0 0.0004079857221712196
60.0 0.00040946937881206774
61.0 0.0004101893574663831
62.0 0.00041028674146458623
63.0 0.0004099242046148538
64.0 0.0004091709044223789
65.0 0.00040809127067424503
66.0 0.00040670862909190046
67.0 0.0004050752624437435
68.0 0.0004032456350652368
69.0 0.00040123057239998253
70.0 0.0003989869912404496
71.0 0.0003964699503004057
72.0 0.0003936831894296662
73.0 0.00039055349566377795
74.0 0.0003866729657582624
75.0 0.0003822675857510764
76.0 0.0003772736866899675
77.0 0.00037091228973614435
78.0 0.0003638015041192921
79.0 0.00035568875993635186
80.0 0.0003459683496445442
81.0 0.00033558993319352074
82.0 0.0003241270641353839
83.0 0.0003122256063202271
84.0 0.0003000213401545368
85.0 0.0002882901774558181
86.0 0.000277149821823328
87.0 0.00026787897121679155
88.0 0.00026046064397985193
89.0 0.0002549268525323901
90.0 0.00025274983411494885
91.0 0.00025182691381539436
92.0 0.0002544814943780947
93.0 0.0002575880728421483
94.0 0.00026242520189044
95.0 0.0002670236128695017
96.0 0.00027071162370206827
97.0 0.00027332261088128376
98.0 0.0002733323772703525
99.0 0.0002717138253185434
100.0 0.0002669230387589155
101.0 0.0002607233784356547
102.0 0.0002518620319789962
103.0 0.00024247789116600539
104.0 0.00023194504269973
105.0 0.0002216363291742085
106.0 0.0002120438447543728
107.0 0.00020280665432202252
108.0 0.0001961258678424169
109.0 0.0001894450813628113
110.0 0.00018612797834453726
111.0 0.00018294031597535892
112.0 0.0001818452153507121
113.0 0.00018141002164735403
114.0 0.00018169186948081988
115.0 0.0001826542634225463
116.0 0.00018360797286733394
117.0 0.0001845309755794447
118.0 0.00018545397829155546
119.0 0.0001855258355324189
120.0 0.00018548334518695008
121.0 0.00018476895672003604
122.0 0.00018337023200325003
123.0 0.00018189789183206562
124.0 0.00017929353946047048
125.0 0.00017668918708887532
126.0 0.00017359543694454307
127.0 0.000170143683658452
128.0 0.00016667636711444452
129.0 0.00016286949505938195
130.0 0.00015906262300431937
131.0 0.00015526582597252337
132.0 0.0001514809067870014
133.0 0.00014769598760147945
134.0 0.00014416808308949356
135.0 0.00014069589702323855
136.0 0.00013727944529135498
137.0 0.00013423123660045408
138.0 0.0001311830279095532
139.0 0.00012831047675656846
140.0 0.00012571648193267113
141.0 0.00012312248710877379
142.0 0.00012076500573777893
143.0 0.00011857423607435507
144.0 0.0001163834664109312
145.0 0.00011444290792779005
146.0 0.00011259498130850581
147.0 0.00011074705468922156
148.0 0.0001091255891920671
149.0 0.00010755540598420442
150.0 0.00010598522277634174
151.0 0.00010459661546132813
152.0 0.00010324207203643205
153.0 0.00010188752861153597
154.0 0.00010065332836950647
155.0 9.94476065367244e-05
156.0 9.824188470394233e-05
157.0 9.711290065911451e-05
158.0 9.601465935049012e-05
159.0 9.491641804186576e-05
160.0 9.386327790064177e-05
161.0 9.284603996563024e-05
162.0 9.182880203061872e-05
163.0 9.082931023424721e-05
164.0 8.986491743926024e-05
165.0 8.890052464427326e-05
166.0 8.793775776833897e-05
167.0 8.700602784569804e-05
168.0 8.607429792305709e-05
169.0 8.514256800041616e-05
170.0 8.423431080108869e-05
171.0 8.333624022232374e-05
172.0 8.243816964355879e-05
173.0 8.154918711634866e-05
174.0 8.068389930180899e-05
175.0 7.981861148726932e-05
176.0 7.895332367272965e-05
177.0 7.809374517262822e-05
178.0 7.723570279035117e-05
179.0 7.637766040807412e-05
180.0 7.552269825863333e-05
181.0 7.467814977211244e-05
182.0 7.383360128559157e-05
183.0 7.29890527990707e-05
184.0 7.216457877660169e-05
185.0 7.13536762598779e-05
186.0 7.05427737431541e-05
187.0 6.973187122643033e-05
188.0 6.896182114274963e-05
189.0 6.819673562582762e-05
190.0 6.743165010890562e-05
191.0 6.667023167449724e-05
192.0 6.593794558003483e-05
193.0 6.520565948557242e-05
194.0 6.447337339111001e-05
195.0 6.374290002935022e-05
196.0 6.30177058615873e-05
197.0 6.229251169382439e-05
198.0 6.156731752606149e-05
199.0 6.084760196855177e-05
200.0 6.0139448231016466e-05
201.0 5.9431294493481156e-05
202.0 5.872314075594585e-05
203.0 5.8023852908371266e-05
204.0 5.7344490702206575e-05
205.0 5.666512849604188e-05
206.0 5.598576628987718e-05
207.0 5.5314237160609814e-05
208.0 5.467160137963094e-05
209.0 5.402896559865206e-05
210.0 5.3386329817673186e-05
211.0 5.274518845324715e-05
212.0 5.214416583832731e-05
213.0 5.154314322340746e-05
214.0 5.094212060848762e-05
215.0 5.0341097993567773e-05
216.0 4.9759923754693184e-05
217.0 4.9184539936281715e-05
218.0 4.8609156117870234e-05
219.0 4.803377229945876e-05
220.0 4.747239301172138e-05
221.0 4.692986034460416e-05
222.0 4.6387327677486925e-05
223.0 4.5844795010369694e-05
224.0 4.530226234325247e-05
225.0 4.47996754155204e-05
226.0 4.4297466777279704e-05
227.0 4.3795258139039004e-05
228.0 4.329304950079831e-05
229.0 4.2798863426242144e-05
230.0 4.231389544619567e-05
231.0 4.1828927466149196e-05
232.0 4.134395948610271e-05
233.0 4.085899150605624e-05
234.0 4.037484161957384e-05
235.0 3.989083766698864e-05
236.0 3.940683371440346e-05
237.0 3.892282976181826e-05
238.0 3.84448411267533e-05
239.0 3.800422228606187e-05
240.0 3.756360344537044e-05
241.0 3.7122984604679006e-05
242.0 3.668236576398758e-05
243.0 3.625841516188661e-05
244.0 3.5867771499691796e-05
245.0 3.547712783749698e-05
246.0 3.5086484175302176e-05
247.0 3.469584051310736e-05
248.0 3.431192729801669e-05
249.0 3.393688715971378e-05
250.0 3.356184702141087e-05
251.0 3.3186806883107954e-05
252.0 3.2811766744805046e-05
253.0 3.243836231452672e-05
254.0 3.206712507108154e-05
255.0 3.1695887827636354e-05
256.0 3.132465058419117e-05
257.0 3.095341334074598e-05
258.0 3.0591348217096405e-05
259.0 3.024808577438993e-05
260.0 2.9904823331683443e-05
261.0 2.9561560888976964e-05
262.0 2.9218298446270485e-05
263.0 2.887963932775592e-05
264.0 2.8573940499606345e-05
265.0 2.826824167145677e-05
266.0 2.7962542843307195e-05
267.0 2.765684401515762e-05
268.0 2.7351145187008045e-05
269.0 2.705658738570086e-05
270.0 2.676460785908259e-05
271.0 2.6472628332464326e-05
272.0 2.6180648805846058e-05
273.0 2.588866927922779e-05
274.0 2.5602760348196765e-05
275.0 2.532617619976865e-05
276.0 2.5049592051340537e-05
277.0 2.4773007902912423e-05
278.0 2.449642375448431e-05
279.0 2.4219839606056195e-05
280.0 2.396635071797217e-05
281.0 2.371640131560354e-05
282.0 2.3466451913234907e-05
283.0 2.321650251086627e-05
284.0 2.296655310849764e-05
285.0 2.272135365133975e-05
286.0 2.2492214464863702e-05
287.0 2.2263075278387653e-05
288.0 2.2033936091911604e-05
289.0 2.1804796905435558e-05
290.0 2.157565771895951e-05
291.0 2.135040933319153e-05
292.0 2.112945306229155e-05
293.0 2.090849679139157e-05
294.0 2.0687540520491593e-05
295.0 2.046658424959161e-05
296.0 2.0245627978691634e-05
297.0 2.0032752397388202e-05
298.0 1.982511976528197e-05
299.0 1.9617487133175732e-05
