10.0 0.050939380170422356
11.0 0.03785123844619329
12.0 0.027494163830079885
13.0 0.01964422402655759
14.0 0.013628151125598337
15.0 0.00912142458959978
16.0 0.0058315049684226385
17.0 0.0033841928330293172
18.0 0.0016513089265913806
19.0 0.00043250941940301495
20.0 -0.00040154730810040915
21.0 -0.0009422587997663451
22.0 -0.0012751617991630649
23.0 -0.0014489575156680717
24.0 -0.0015140410288807182
25.0 -0.0015025825205579866
26.0 -0.0014390926505297567
27.0 -0.0013414473323356863
28.0 -0.0012231127702026423
29.0 -0.0010932812196247713
30.0 -0.0009597716690716722
31.0 -0.0008267588471658362
32.0 -0.0006977162060902682
33.0 -0.0005748697715673208
34.0 -0.00045938994804289597
35.0 -0.0003519349508640942
36.0 -0.00025326246934993406
37.0 -0.00016243431200139386
38.0 -8.038657565982077e-05
39.0 -6.055394410719699e-06
40.0 6.113054292260337e-05
41.0 0.0001212052096467539
42.0 0.00017445494369216556
43.0 0.00022198856489705578
44.0 0.00026420149501460275
45.0 0.00030139102134998095
46.0 0.0003339283328756445
47.0 0.00036239046547957224
48.0 0.0003871793655069849
49.0 0.0004084762253835242
50.0 0.0004266269608831779
51.0 0.0004418917286565879
52.0 0.00045477842102616904
53.0 0.00046545736089060057
54.0 0.00047413072061106964
55.0 0.0004809069795817323
56.0 0.0004860788838903147
57.0 0.0004899073082573811
58.0 0.0004924991922292505
59.0 0.0004939588223746265
60.0 0.0004944213641060859
61.0 0.0004939076434086362
62.0 0.000492524835304853
63.0 0.0004904794055704339
64.0 0.00048784528824707203
65.0 0.00048469340127525783
66.0 0.0004810203530049956
67.0 0.0004768859495753218
68.0 0.0004724212968602013
69.0 0.0004676654170712151
70.0 0.00046260184360034977
71.0 0.00045731033598322247
72.0 0.00045186319278880043
73.0 0.0004462545111876811
74.0 0.0004404255141587095
75.0 0.0004345361761753218
76.0 0.0004285964166758271
77.0 0.00042253444458821896
78.0 0.00041647313100988886
79.0 0.0004104277595724356
80.0 0.0004042498787050088
81.0 0.00039807506989691347
82.0 0.00039201013009230323
83.0 0.00038595897469552334
84.0 0.00037991733626362547
85.0 0.00037383965862435806
86.0 0.00036780929602846116
87.0 0.0003619483743156634
88.0 0.0003560962847539433
89.0 0.0003502531799667622
90.0 0.00034453737842986775
91.0 0.00033886913767982354
92.0 0.0003332765501289628
93.0 0.00032770734437816357
94.0 0.0003223240133755125
95.0 0.000316960229791458
96.0 0.00031167099428334685
97.0 0.00030643134036179915
98.0 0.0003013114355779573
99.0 0.0002962562671579849
100.0 0.0002913272159281809
101.0 0.0002864399867046551
102.0 0.0002816317688567788
103.0 0.00027689256962325063
104.0 0.00027230502124356266
105.0 0.00026775142689368007
106.0 0.0002633063335402067
107.0 0.00025888261095607213
108.0 0.00025461265488962537
109.0 0.00025034269882317855
110.0 0.00024625008274476985
111.0 0.0002421642910312059
112.0 0.0002381885750775722
113.0 0.00023424757243934436
114.0 0.00023039984097578378
115.0 0.00022664063344239032
116.0 0.000222913913629008
117.0 0.00021930206422673783
118.0 0.0002156902148244676
119.0 0.0002122315566852466
120.0 0.00020879347910689164
121.0 0.00020542782446139707
122.0 0.00020213593343674992
123.0 0.00019885453079149923
124.0 0.0001957344118540835
125.0 0.0001926142929166678
126.0 0.0001895693244858141
127.0 0.00018657932998200437
128.0 0.0001835960613591526
129.0 0.00018075953642957072
130.0 0.0001779230114999888
131.0 0.00017514476431076747
132.0 0.00017243522307118847
133.0 0.00016972568183160945
134.0 0.00016713655198053552
135.0 0.0001645735262243115
136.0 0.00016202716406811115
137.0 0.00015959090019900167
138.0 0.00015715463632989221
139.0 0.0001547681510529953
140.0 0.00015246060427243842
141.0 0.0001501530574918815
142.0 0.00014791194255579966
143.0 0.00014571765356595305
144.0 0.00014352336457610647
145.0 0.00014141394271938718
146.0 0.0001393359399252089
147.0 0.00013725793713103066
148.0 0.00013526967110404672
149.0 0.00013330172603463866
150.0 0.00013133378096523055
151.0 0.0001294562944361662
152.0 0.00012759577805512148
153.0 0.00012573526167407683
154.0 0.00012395592126898374
155.0 0.00012219579061561187
156.0 0.00012043565996224
157.0 0.00011874445974220118
158.0 0.00011708087447152228
159.0 0.00011541728920084338
160.0 0.00011380578248255373
161.0 0.0001122357322283624
162.0 0.00011066568197417106
163.0 0.00010912468738707747
164.0 0.00010764116022545478
165.0 0.00010615763306383209
166.0 0.0001046781067920917
167.0 0.00010327495297702755
168.0 0.00010187179916196337
169.0 0.00010046864534689921
170.0 9.912013923891722e-05
171.0 9.779534897545917e-05
172.0 9.647055871200115e-05
173.0 9.516774861940803e-05
174.0 9.39222460618733e-05
175.0 9.267674350433859e-05
176.0 9.143124094680388e-05
177.0 9.024076142529885e-05
178.0 8.906508610967729e-05
179.0 8.788941079405575e-05
180.0 8.672892837039296e-05
181.0 8.561981013380593e-05
182.0 8.451069189721887e-05
183.0 8.340157366063182e-05
184.0 8.233123375443277e-05
185.0 8.128711025591918e-05
186.0 8.02429867574056e-05
187.0 7.9198863258892e-05
188.0 7.820959113223929e-05
189.0 7.722698478476118e-05
190.0 7.624437843728307e-05
191.0 7.526799781941497e-05
192.0 7.434107615719818e-05
193.0 7.341415449498141e-05
194.0 7.248723283276462e-05
195.0 7.157396642366298e-05
196.0 7.070046800140621e-05
197.0 6.982696957914944e-05
198.0 6.895347115689266e-05
199.0 6.809694825704027e-05
200.0 6.727624975880435e-05
201.0 6.645555126056842e-05
202.0 6.563485276233251e-05
203.0 6.48290640784375e-05
204.0 6.405678445176757e-05
205.0 6.328450482509763e-05
206.0 6.25122251984277e-05
207.0 6.174948901084237e-05
208.0 6.1021955070465386e-05
209.0 6.0294421130088405e-05
210.0 5.9566887189711424e-05
211.0 5.884102134682824e-05
212.0 5.815993685046997e-05
213.0 5.74788523541117e-05
214.0 5.679776785775342e-05
215.0 5.6116683361395156e-05
216.0 5.5465256273745394e-05
217.0 5.482248122220566e-05
218.0 5.4179706170665926e-05
219.0 5.353693111912618e-05
220.0 5.290964804652145e-05
221.0 5.230321333052628e-05
222.0 5.169677861453113e-05
223.0 5.1090343898535964e-05
224.0 5.0483909182540795e-05
225.0 4.991845568206539e-05
226.0 4.935339027712692e-05
227.0 4.878832487218845e-05
228.0 4.8223259467249975e-05
229.0 4.767391891186896e-05
230.0 4.7142646539561496e-05
231.0 4.661137416725403e-05
232.0 4.6080101794946556e-05
233.0 4.554882942263909e-05
234.0 4.504204318226453e-05
235.0 4.453962484895761e-05
236.0 4.4037206515650696e-05
237.0 4.353478818234379e-05
238.0 4.303706466845241e-05
239.0 4.2568507434743194e-05
240.0 4.209995020103397e-05
241.0 4.1631392967324745e-05
242.0 4.116283573361553e-05
243.0 4.070359613737109e-05
244.0 4.0262975304556424e-05
245.0 3.982235447174177e-05
246.0 3.93817336389271e-05
247.0 3.8941112806112445e-05
248.0 3.851267568616749e-05
249.0 3.810030094932727e-05
250.0 3.768792621248705e-05
251.0 3.727555147564684e-05
252.0 3.6863176738806617e-05
253.0 3.646136995192375e-05
254.0 3.6073564882741466e-05
255.0 3.568575981355917e-05
256.0 3.529795474437688e-05
257.0 3.4910149675194584e-05
258.0 3.452972937995982e-05
259.0 3.416444773876212e-05
260.0 3.3799166097564426e-05
261.0 3.343388445636673e-05
262.0 3.3068602815169034e-05
263.0 3.270659403293366e-05
264.0 3.236801926864358e-05
265.0 3.20294445043535e-05
266.0 3.169086974006342e-05
267.0 3.135229497577334e-05
268.0 3.101372021148326e-05
269.0 3.0691476510028465e-05
270.0 3.0373012169897098e-05
271.0 3.0054547829765727e-05
272.0 2.9736083489634353e-05
273.0 2.9417619149502985e-05
274.0 2.9107076116203097e-05
275.0 2.8808700664003453e-05
276.0 2.851032521180381e-05
277.0 2.8211949759604162e-05
278.0 2.791357430740452e-05
279.0 2.7615198855204874e-05
280.0 2.7334416416480243e-05
281.0 2.7056330211483123e-05
282.0 2.6778244006486003e-05
283.0 2.6500157801488887e-05
284.0 2.6222071596491767e-05
285.0 2.5948143891720434e-05
286.0 2.5688276694237806e-05
287.0 2.5428409496755177e-05
288.0 2.5168542299272552e-05
289.0 2.4908675101789927e-05
290.0 2.46488079043073e-05
291.0 2.439680496449838e-05
292.0 2.415347743621004e-05
293.0 2.3910149907921705e-05
294.0 2.3666822379633372e-05
295.0 2.3423494851345033e-05
296.0 2.3180167323056698e-05
297.0 2.2946747125938024e-05
298.0 2.2719755047778973e-05
299.0 2.249276296961992e-05
