10.0 0.053071017746817696
11.0 0.03994772464952296
12.0 0.029506299366806796
13.0 0.021537540317026798
14.0 0.015380600773762939
15.0 0.010720945080350824
16.0 0.00727365273595411
17.0 0.0046702241585552555
18.0 0.0027864697629741988
19.0 0.001424848424604172
20.0 0.0004573801053756649
21.0 -0.00020621930826354896
22.0 -0.0006515684825460693
23.0 -0.000926897066444762
24.0 -0.001083367272675326
25.0 -0.0011537054350985816
26.0 -0.0011630574575351882
27.0 -0.0011300239329788278
28.0 -0.0010688357650042001
29.0 -0.0009889975389666176
30.0 -0.0008993934336056175
31.0 -0.0008049729659210791
32.0 -0.0007093306787934922
33.0 -0.0006156086588957223
34.0 -0.0005253014754323177
35.0 -0.0004396002577707212
36.0 -0.0003595056353237094
37.0 -0.0002847475104405773
38.0 -0.000216130012487606
39.0 -0.0001532095816298521
40.0 -9.566223171967202e-05
41.0 -4.354482399241454e-05
42.0 3.2582475034608978e-06
43.0 4.556249290464911e-05
44.0 8.362687869938261e-05
45.0 0.00011762414208605528
46.0 0.00014781314418843545
47.0 0.00017466988659483988
48.0 0.00019850461921797337
49.0 0.00021941809253881096
50.0 0.00023767895655867107
51.0 0.00025347231622999594
52.0 0.0002672585050429115
53.0 0.0002791567653075999
54.0 0.00028931963432307054
55.0 0.0002978145079902547
56.0 0.00030489907070435976
57.0 0.0003108038443610816
58.0 0.00031560896148652353
59.0 0.0003193951383619176
60.0 0.00032227716992304253
61.0 0.00032426228078953764
62.0 0.00032544750183812973
63.0 0.0003260118523438451
64.0 0.00032601868052794316
65.0 0.0003255300632198152
66.0 0.00032453589306888505
67.0 0.000323084240115472
68.0 0.00032129869549253935
69.0 0.00031921507271387493
70.0 0.0003168083418457184
71.0 0.00031415202065899583
72.0 0.0003113206614725275
73.0 0.0003083041232240781
74.0 0.0003050271158509794
75.0 0.0003016642347827214
76.0 0.0002982227687870533
77.0 0.0002946081180398084
78.0 0.00029096664634952434
79.0 0.0002873044767704742
80.0 0.00028345718942104334
81.0 0.000279587113939407
82.0 0.0002757763723723549
83.0 0.000271939085842263
84.0 0.00026808347226583355
85.0 0.0002641264939035702
86.0 0.0002601956260089999
87.0 0.0002563799973225493
88.0 0.0002525374992116671
89.0 0.00024866766736086313
90.0 0.0002448722391107965
91.0 0.00024110460821694498
92.0 0.00023734611138582744
93.0 0.00023359957656034067
94.0 0.0002299741751683086
95.0 0.00022635357828302877
96.0 0.00022275130436619944
97.0 0.00021917822601086307
98.0 0.00021567566059300887
99.0 0.0002122146361771002
100.0 0.0002088345405333528
101.0 0.00020547281147194758
102.0 0.00020214578110307253
103.0 0.00019886735685125433
104.0 0.0001956957321813048
105.0 0.00019254272844715283
106.0 0.000189449228403717
107.0 0.00018636949506058566
108.0 0.00018338881559484634
109.0 0.00018040813612910702
110.0 0.00017754670972690767
111.0 0.0001746898723991943
112.0 0.00017189815626660816
113.0 0.00016912697664984985
114.0 0.00016642003138784582
115.0 0.00016377405112981953
116.0 0.00016114848836490077
117.0 0.00015859511797994386
118.0 0.00015604174759498697
119.0 0.00015359480447096777
120.0 0.0001511621593733369
121.0 0.0001487765441883166
122.0 0.00014643882953017763
123.0 0.00014410862153548773
124.0 0.00014189384629439858
125.0 0.00013967907105330942
126.0 0.00013751215805259186
127.0 0.0001353802571287148
128.0 0.00013325312146558578
129.0 0.00013122995314382687
130.0 0.00012920678482206797
131.0 0.00012722207916302232
132.0 0.00012528271866923426
133.0 0.00012334335817544619
134.0 0.00012149038242479362
135.0 0.00011965613410147486
136.0 0.00011783332529432724
137.0 0.00011608609866232778
138.0 0.00011433887203032832
139.0 0.00011262693572093624
140.0 0.00011097096252496615
141.0 0.00010931498932899602
142.0 0.00010770440818727071
143.0 0.00010612582263302865
144.0 0.00010454723707878659
145.0 0.00010302852604644015
146.0 0.000101531981443885
147.0 0.00010003543684132986
148.0 9.860206582660263e-05
149.0 9.718300051775608e-05
150.0 9.576393520890951e-05
151.0 9.440928021172787e-05
152.0 9.306670867862595e-05
153.0 9.172413714552404e-05
154.0 9.043899588793373e-05
155.0 8.916744512089097e-05
156.0 8.789589435384822e-05
157.0 8.667341662198618e-05
158.0 8.547059855735566e-05
159.0 8.426778049272515e-05
160.0 8.310224043991248e-05
161.0 8.196637507058622e-05
162.0 8.083050970125998e-05
163.0 7.971522838161064e-05
164.0 7.864065899387879e-05
165.0 7.756608960614693e-05
166.0 7.649434555303592e-05
167.0 7.547653393802597e-05
168.0 7.445872232301605e-05
169.0 7.344091070800613e-05
170.0 7.24620185632947e-05
171.0 7.150001657108622e-05
172.0 7.053801457887776e-05
173.0 6.959207069844754e-05
174.0 6.86879941360359e-05
175.0 6.778391757362427e-05
176.0 6.687984101121264e-05
177.0 6.601500945721778e-05
178.0 6.516073695678343e-05
179.0 6.430646445634909e-05
180.0 6.34630986359441e-05
181.0 6.265660616097744e-05
182.0 6.185011368601079e-05
183.0 6.104362121104413e-05
184.0 6.026509637231183e-05
185.0 5.950547928298964e-05
186.0 5.874586219366745e-05
187.0 5.7986245104345264e-05
188.0 5.7266417528320054e-05
189.0 5.655142534838621e-05
190.0 5.583643316845236e-05
191.0 5.5125867510979364e-05
192.0 5.445046739903984e-05
193.0 5.37750672871003e-05
194.0 5.309966717516077e-05
195.0 5.243407870841207e-05
196.0 5.1797064547359874e-05
197.0 5.116005038630767e-05
198.0 5.0523036225255465e-05
199.0 4.98984011031396e-05
200.0 4.929989016453441e-05
201.0 4.870137922592922e-05
202.0 4.810286828732402e-05
203.0 4.751515412612591e-05
204.0 4.695170517867953e-05
205.0 4.638825623123315e-05
206.0 4.582480728378676e-05
207.0 4.5268248030832276e-05
208.0 4.473710233441055e-05
209.0 4.420595663798881e-05
210.0 4.367481094156708e-05
211.0 4.314489846247966e-05
212.0 4.2648092641122606e-05
213.0 4.215128681976556e-05
214.0 4.16544809984085e-05
215.0 4.1157675177051454e-05
216.0 4.0681893569861136e-05
217.0 4.021224541357151e-05
218.0 3.9742597257281894e-05
219.0 3.927294910099226e-05
220.0 3.881429658456601e-05
221.0 3.837044146890976e-05
222.0 3.7926586353253524e-05
223.0 3.748273123759728e-05
224.0 3.703887612194105e-05
225.0 3.662593805509445e-05
226.0 3.62132927752847e-05
227.0 3.5800647495474944e-05
228.0 3.538800221566519e-05
229.0 3.4986698056294226e-05
230.0 3.459842508298316e-05
231.0 3.42101521096721e-05
232.0 3.3821879136361034e-05
233.0 3.343360616304997e-05
234.0 3.306241289420882e-05
235.0 3.269426635247311e-05
236.0 3.23261198107374e-05
237.0 3.19579732690017e-05
238.0 3.1593342627490955e-05
239.0 3.12505543023671e-05
240.0 3.090776597724326e-05
241.0 3.056497765211942e-05
242.0 3.022218932699557e-05
243.0 2.9886155247013028e-05
244.0 2.956361768832229e-05
245.0 2.9241080129631554e-05
246.0 2.891854257094082e-05
247.0 2.8596005012250084e-05
248.0 2.8282433664415706e-05
249.0 2.7980682909803834e-05
250.0 2.767893215519196e-05
251.0 2.7377181400580093e-05
252.0 2.707543064596822e-05
253.0 2.67812421553097e-05
254.0 2.6497073080477268e-05
255.0 2.6212904005644833e-05
256.0 2.59287349308124e-05
257.0 2.564456585597997e-05
258.0 2.5365656053031083e-05
259.0 2.5097527663040483e-05
260.0 2.4829399273049877e-05
261.0 2.4561270883059277e-05
262.0 2.4293142493068674e-05
263.0 2.4027516410342188e-05
264.0 2.3779807113522796e-05
265.0 2.3532097816703404e-05
266.0 2.3284388519884016e-05
267.0 2.3036679223064624e-05
268.0 2.2788969926245236e-05
269.0 2.25528856195352e-05
270.0 2.2319491587086404e-05
271.0 2.2086097554637615e-05
272.0 2.185270352218882e-05
273.0 2.1619309489740023e-05
274.0 2.139161400746522e-05
275.0 2.1172671824724294e-05
276.0 2.0953729641983376e-05
277.0 2.073478745924245e-05
278.0 2.051584527650153e-05
279.0 2.0296903093760608e-05
280.0 2.009096133121668e-05
281.0 1.9887011960223906e-05
282.0 1.9683062589231132e-05
283.0 1.9479113218238357e-05
284.0 1.9275163847245587e-05
285.0 1.9074251360596153e-05
286.0 1.888360703124528e-05
287.0 1.869296270189441e-05
288.0 1.8502318372543535e-05
289.0 1.831167404319266e-05
290.0 1.812102971384179e-05
291.0 1.7936087341007513e-05
292.0 1.775743504936161e-05
293.0 1.757878275771571e-05
294.0 1.7400130466069808e-05
295.0 1.7221478174423912e-05
296.0 1.7042825882778013e-05
297.0 1.6871499107851953e-05
298.0 1.67049253074767e-05
299.0 1.6538351507101448e-05
