10.0 0.02185659974605722
11.0 0.013214549918320804
12.0 0.0071502056333994654
13.0 0.003278825593955343
14.0 0.0007387743557055013
15.0 -0.0008007748731057456
16.0 -0.0016058343153586296
17.0 -0.0020459560595139487
18.0 -0.0021579085050956967
19.0 -0.0021000017932167278
20.0 -0.0019323794445075114
21.0 -0.0017037326046619766
22.0 -0.0014488533635545141
23.0 -0.0011878196367514054
24.0 -0.0009341304634579825
25.0 -0.0006949372083795792
26.0 -0.0004747501532972599
27.0 -0.00027503267834299606
28.0 -9.61602220113385e-05
29.0 6.134573661848775e-05
30.0 0.0001996146100457742
31.0 0.0003208397169818429
32.0 0.000425115512138277
33.0 0.0005149180332779355
34.0 0.000591526518522058
35.0 0.0006565906854136576
36.0 0.0007108613040032975
37.0 0.000756550651104243
38.0 0.0007936003705316748
39.0 0.0008236977979407503
40.0 0.0008478416226829463
41.0 0.0008664476041561103
42.0 0.0008800259334556183
43.0 0.0008896570989448172
44.0 0.0008958265113753334
45.0 0.0008988853275482282
46.0 0.0008991778579047758
47.0 0.0008972042734808625
48.0 0.0008932914843063362
49.0 0.0008875973338754588
50.0 0.0008804399875446773
51.0 0.0008719242274506623
52.0 0.0008624724508160961
53.0 0.000852147837169945
54.0 0.0008411089316029515
55.0 0.0008294027345667837
56.0 0.0008172176808659961
57.0 0.0008047122567520166
58.0 0.0007919170592949606
59.0 0.000778883846793363
60.0 0.0007657002556668432
61.0 0.0007523660580019946
62.0 0.0007390259260335241
63.0 0.0007256726162339686
64.0 0.0007123369621715592
65.0 0.0006990485422639222
66.0 0.0006858562479471693
67.0 0.00067281556659657
68.0 0.0006598903661659599
69.0 0.0006470857839621205
70.0 0.0006344759994059446
71.0 0.0006220654601733175
72.0 0.0006098144017540096
73.0 0.0005977466557215226
74.0 0.0005859145443067413
75.0 0.0005742604029590767
76.0 0.000562808260952758
77.0 0.0005516090145924725
78.0 0.0005405961375712094
79.0 0.0005298430841694766
80.0 0.0005192816052731126
81.0 0.0005088584374861211
82.0 0.0004987727683820954
83.0 0.0004888864307696754
84.0 0.00047913771465168817
85.0 0.00046965011693432833
86.0 0.0004602849606429747
87.0 0.0004512637486147758
88.0 0.0004423776059895158
89.0 0.000433628866825977
90.0 0.0004251798002268076
91.0 0.0004168426919863348
92.0 0.00040877746495132243
93.0 0.00040076610315777463
94.0 0.00039309699581510844
95.0 0.00038548871179917566
96.0 0.00037811238997088523
97.0 0.0003708328766939302
98.0 0.0003637871748245649
99.0 0.0003568535117752346
100.0 0.0003501381189580893
101.0 0.0003435199759202948
102.0 0.00033708556005228335
103.0 0.0003307530375931859
104.0 0.0003246443999890436
105.0 0.00031860049820482743
106.0 0.0003127634614379782
107.0 0.00030696094314068323
108.0 0.00030140679142182656
109.0 0.00029585263970297
110.0 0.0002905631211546598
111.0 0.0002852837861714091
112.0 0.00028019639537480784
113.0 0.00027516953578958053
114.0 0.0002702761538369971
115.0 0.0002655094558751878
116.0 0.0002607928852321076
117.0 0.0002562535552728426
118.0 0.0002517142253135776
119.0 0.0002473901951779553
120.0 0.00024309508961046272
121.0 0.00023890789992257942
122.0 0.00023483062384510275
123.0 0.0002307669566768863
124.0 0.0002269125587639199
125.0 0.00022305816085095353
126.0 0.00021931758059402575
127.0 0.00021566025996907695
128.0 0.0002120116379763662
129.0 0.0002085528007016717
130.0 0.00020509396342697722
131.0 0.00020171737961747848
132.0 0.0001984377676947188
133.0 0.0001951581557719591
134.0 0.00019203189584070173
135.0 0.00018893888122769288
136.0 0.00018586835318576742
137.0 0.00018294639645828243
138.0 0.0001800244397307974
139.0 0.0001771649653237743
140.0 0.00017440457488449438
141.0 0.00017164418444521448
142.0 0.00016897210324156244
143.0 0.0001663622687443245
144.0 0.00016375243424708653
145.0 0.0001612510673819257
146.0 0.00015878985683158705
147.0 0.00015632864628124836
148.0 0.00015398096929934154
149.0 0.00015165900207832393
150.0 0.00014933703485730631
151.0 0.00014712734420679354
152.0 0.00014493871679711323
153.0 0.00014275008938743295
154.0 0.0001406627803990502
155.0 0.00013859944773734662
156.0 0.00013653611507564303
157.0 0.00013455686573956598
158.0 0.00013261130191316752
159.0 0.00013066573808676903
160.0 0.00012878401385086602
161.0 0.00012695310830269547
162.0 0.0001251222027545249
163.0 0.00012332758960564884
164.0 0.00012160475697189941
165.0 0.00011988192433815
166.0 0.00011816394341499375
167.0 0.00011653857615229421
168.0 0.00011491320888959468
169.0 0.00011328784162689516
170.0 0.00011172942427174423
171.0 0.0001102000616323919
172.0 0.00010867069899303956
173.0 0.0001071671958418853
174.0 0.00010573111452906034
175.0 0.00010429503321623539
176.0 0.00010285895190341044
177.0 0.00010148924463461021
178.0 0.00010013739561362699
179.0 9.878554659264376e-05
180.0 9.745140395753382e-05
181.0 9.617712313931173e-05
182.0 9.490284232108966e-05
183.0 9.362856150286758e-05
184.0 9.240150015924762e-05
185.0 9.120636192795552e-05
186.0 9.001122369666342e-05
187.0 8.881608546537132e-05
188.0 8.768382334345431e-05
189.0 8.655920220199471e-05
190.0 8.543458106053512e-05
191.0 8.431758368532197e-05
192.0 8.326115166393834e-05
193.0 8.220471964255471e-05
194.0 8.114828762117109e-05
195.0 8.010777598975794e-05
196.0 7.9113629068949e-05
197.0 7.811948214814009e-05
198.0 7.712533522733117e-05
199.0 7.615100906384152e-05
200.0 7.52185117615577e-05
201.0 7.428601445927389e-05
202.0 7.33535171569901e-05
203.0 7.243845914326428e-05
204.0 7.15625950527419e-05
205.0 7.068673096221951e-05
206.0 6.981086687169712e-05
207.0 6.894577932370076e-05
208.0 6.812044248932966e-05
209.0 6.729510565495855e-05
210.0 6.646976882058744e-05
211.0 6.564637932681272e-05
212.0 6.487526767313602e-05
213.0 6.410415601945934e-05
214.0 6.333304436578265e-05
215.0 6.256193271210595e-05
216.0 6.182565620474637e-05
217.0 6.109954224890284e-05
218.0 6.037342829305931e-05
219.0 5.964731433721578e-05
220.0 5.8939530878436256e-05
221.0 5.825641571679454e-05
222.0 5.7573300555152813e-05
223.0 5.6890185393511096e-05
224.0 5.620707023186937e-05
225.0 5.556894338013547e-05
226.0 5.493124257145735e-05
227.0 5.429354176277923e-05
228.0 5.36558409541011e-05
229.0 5.303645026304377e-05
230.0 5.2438098282472135e-05
231.0 5.183974630190051e-05
232.0 5.1241394321328885e-05
233.0 5.064304234075725e-05
234.0 5.007361628280235e-05
235.0 4.950935011462431e-05
236.0 4.8945083946446264e-05
237.0 4.8380817778268233e-05
238.0 4.782190886923432e-05
239.0 4.729628160692119e-05
240.0 4.677065434460806e-05
241.0 4.624502708229493e-05
242.0 4.57193998199818e-05
243.0 4.520398068007765e-05
244.0 4.470895969549062e-05
245.0 4.421393871090357e-05
246.0 4.371891772631653e-05
247.0 4.3223896741729486e-05
248.0 4.274286469408701e-05
249.0 4.228027494452184e-05
250.0 4.181768519495667e-05
251.0 4.1355095445391506e-05
252.0 4.089250569582635e-05
253.0 4.0442388537910785e-05
254.0 4.0008796600873156e-05
255.0 3.957520466383554e-05
256.0 3.914161272679792e-05
257.0 3.87080207897603e-05
258.0 3.828293539657464e-05
259.0 3.787528826559457e-05
260.0 3.746764113461449e-05
261.0 3.7059994003634426e-05
262.0 3.6652346872654346e-05
263.0 3.62482064566081e-05
264.0 3.5869174492112794e-05
265.0 3.5490142527617476e-05
266.0 3.511111056312217e-05
267.0 3.473207859862686e-05
268.0 3.435304663413155e-05
269.0 3.3992649410539344e-05
270.0 3.363656466922411e-05
271.0 3.3280479927908876e-05
272.0 3.292439518659363e-05
273.0 3.2568310445278395e-05
274.0 3.222156384788698e-05
275.0 3.188916117453941e-05
276.0 3.1556758501191835e-05
277.0 3.1224355827844265e-05
278.0 3.089195315449669e-05
279.0 3.055955048114912e-05
280.0 3.0246554324583368e-05
281.0 2.993653233188983e-05
282.0 2.962651033919629e-05
283.0 2.9316488346502754e-05
284.0 2.9006466353809214e-05
285.0 2.870114278868397e-05
286.0 2.8411705305435047e-05
287.0 2.8122267822186123e-05
288.0 2.78328303389372e-05
289.0 2.7543392855688275e-05
290.0 2.725395537243935e-05
291.0 2.6973502192424284e-05
292.0 2.6702959995875582e-05
293.0 2.6432417799326884e-05
294.0 2.6161875602778182e-05
295.0 2.5891333406229484e-05
296.0 2.5620791209680783e-05
297.0 2.536118122815801e-05
298.0 2.5108664335326358e-05
299.0 2.4856147442494714e-05
