10.0 0.024856369539893862
11.0 0.022938412468382824
12.0 0.021065329648682976
13.0 0.019567997395453743
14.0 0.018171273429435253
15.0 0.01694294968687259
16.0 0.015900955027760302
17.0 0.01489173963680471
18.0 0.014011070696971769
19.0 0.013199365401569489
20.0 0.012459095792421604
21.0 0.011781924342903932
22.0 0.011157559600303022
23.0 0.010582825851430071
24.0 0.010050985395182965
25.0 0.009557696613213689
26.0 0.009099135250791868
27.0 0.008671934914087829
28.0 0.008272938887150425
29.0 0.007901049251914054
30.0 0.0075525104669612615
31.0 0.007224772480177836
32.0 0.006917909832662427
33.0 0.0066287400673746616
34.0 0.006356525396338411
35.0 0.006099585858891392
36.0 0.005857477281887875
37.0 0.005627615154960145
38.0 0.005411378754879169
39.0 0.005206109498723487
40.0 0.005010997195932575
41.0 0.004826097391056674
42.0 0.004650978494437687
43.0 0.004484272423627881
44.0 0.00432552467182252
45.0 0.004174281225972276
46.0 0.00403011764089641
47.0 0.003892684430515467
48.0 0.003761601571978462
49.0 0.0036365315842209704
50.0 0.003517108014260543
51.0 0.0034028765006255068
52.0 0.0032936998967297917
53.0 0.003189300473546227
54.0 0.0030893518974132493
55.0 0.002993580993555411
56.0 0.0029017551534295293
57.0 0.0028136630783933527
58.0 0.002729076904153573
59.0 0.0026477845865401704
60.0 0.0025695960800941804
61.0 0.0024944934290792404
62.0 0.002422763304866741
63.0 0.0023536400926165452
64.0 0.0022869692047944143
65.0 0.0022226054414637504
66.0 0.002160812130501745
67.0 0.002101606970091484
68.0 0.0020443153769599694
69.0 0.001988823990585192
70.0 0.0019356204956895429
71.0 0.0018844562495410665
72.0 0.00183477828343749
73.0 0.001786714194291686
74.0 0.001740827709214633
75.0 0.0016961571928290203
76.0 0.0016527937912680138
77.0 0.0016114611389780812
78.0 0.0015711116383389935
79.0 0.0015320477610547176
80.0 0.0014946112024939633
81.0 0.0014579580697812557
82.0 0.0014228107549295228
83.0 0.0013887425069338915
84.0 0.0013554192631126296
85.0 0.0013236948055272923
86.0 0.0012924816823675425
87.0 0.0012625693275049893
88.0 0.0012334350744015647
89.0 0.001205092368998427
90.0 0.0011778526990574862
91.0 0.0011510251257
92.0 0.001125520413310287
93.0 0.0011002407833128113
94.0 0.0010762268213531088
95.0 0.0010524819090242268
96.0 0.0010297630724511648
97.0 0.0010074081775403843
98.0 0.0009859322722556739
99.0 0.0009648581792371201
100.0 0.0009445668832580333
101.0 0.00092466006669592
102.0 0.000905479620060731
103.0 0.0008866352403225188
104.0 0.0008685292821297902
105.0 0.00085066302188738
106.0 0.0008335627227575656
107.0 0.0008165797581852491
108.0 0.0008004410367950482
109.0 0.0007843023154048473
110.0 0.000769044704241177
111.0 0.0007538209997993959
112.0 0.0007392512183444324
113.0 0.0007248876569955749
114.0 0.0007109468895730915
115.0 0.0006974073970369476
116.0 0.00068403902284461
117.0 0.000671275690634138
118.0 0.000658512358423666
119.0 0.00064639912449973
120.0 0.0006343732283722757
121.0 0.0006226910413022523
122.0 0.0006113589260063592
123.0 0.0006000672957001097
124.0 0.0005893982181252773
125.0 0.0005787291405504447
126.0 0.000568418656961623
127.0 0.000558370491227028
128.0 0.0005483483574344389
129.0 0.0005388941824470718
130.0 0.0005294400074597048
131.0 0.0005202412670193944
132.0 0.0005113436685420083
133.0 0.0005024460700646221
134.0 0.0004939823774137695
135.0 0.0004856127516032081
136.0 0.000477308301863226
137.0 0.00046943447778155837
138.0 0.0004615606536998908
139.0 0.000453869305741054
140.0 0.00044646732696912965
141.0 0.0004390653481972053
142.0 0.0004319235637276934
143.0 0.00042496518293320756
144.0 0.0004180068021387217
145.0 0.0004113540836306564
146.0 0.0004048145258025811
147.0 0.00039827496797450573
148.0 0.00039205700609524477
149.0 0.00038591186985743186
150.0 0.000379766733619619
151.0 0.00037393468313755664
152.0 0.0003681613679788563
153.0 0.00036238805282015596
154.0 0.00035689790160686784
155.0 0.00035147475924717213
156.0 0.0003460516168874765
157.0 0.00034086429724602594
158.0 0.00033577145303592497
159.0 0.00033067860882582406
160.0 0.0003257586788645942
161.0 0.00032097639507480257
162.0 0.0003161941112850109
163.0 0.00031150998151275504
164.0 0.0003070199845638291
165.0 0.0003025299876149031
166.0 0.0002980537543757048
167.0 0.0002938402547672238
168.0 0.0002896267551587428
169.0 0.0002854132555502618
170.0 0.0002813800763196028
171.0 0.0002774251519741579
172.0 0.00027347022762871297
173.0 0.0002695826643555456
174.0 0.000265870727424632
175.0 0.0002621587904937184
176.0 0.00025844685356280487
177.0 0.0002549150512776985
178.0 0.000251431715063818
179.0 0.0002479483788499375
180.0 0.00024451433122911313
181.0 0.00024124691867166646
182.0 0.00023797950611421985
183.0 0.0002347120935567732
184.0 0.0002315647137469105
185.0 0.00022849848305860046
186.0 0.00022543225237029048
187.0 0.00022236602168198048
188.0 0.00021946975223260923
189.0 0.00021659413721809658
190.0 0.00021371852220358398
191.0 0.00021086284662104118
192.0 0.00020816557552171227
193.0 0.00020546830442238334
194.0 0.0002027710333230544
195.0 0.00020011676531986422
196.0 0.00019758773458229716
197.0 0.00019505870384473013
198.0 0.00019252967310716304
199.0 0.0001900511306692373
200.0 0.00018767913653540487
201.0 0.0001853071424015724
202.0 0.00018293514826773995
203.0 0.00018060863643490108
204.0 0.00017838434378413082
205.0 0.00017616005113336056
206.0 0.0001739357584825903
207.0 0.0001717411709343828
208.0 0.0001696561546166817
209.0 0.00016757113829898057
210.0 0.00016548612198127947
211.0 0.0001634057582989585
212.0 0.00016145029815374366
213.0 0.0001594948380085288
214.0 0.00015753937786331396
215.0 0.0001555839177180991
216.0 0.00015372385810285354
217.0 0.0001518916299424165
218.0 0.00015005940178197948
219.0 0.00014822717362154245
220.0 0.00014644417912978495
221.0 0.0001447274409301471
222.0 0.00014301070273050917
223.0 0.00014129396453087131
224.0 0.00013957722633123345
225.0 0.00013796683272938436
226.0 0.0001363574462197666
227.0 0.00013474805971014884
228.0 0.00013313867320053106
229.0 0.0001315766015481029
230.0 0.00013006889566233448
231.0 0.00012856118977656606
232.0 0.00012705348389079768
233.0 0.00012554577800502926
234.0 0.00012411982068188823
235.0 0.00012270844590389765
236.0 0.00012129707112590703
237.0 0.0001198856963479164
238.0 0.0001184866532982045
239.0 0.00011716422036067626
240.0 0.00011584178742314801
241.0 0.00011451935448561976
242.0 0.0001131969215480915
243.0 0.00011190273203276726
244.0 0.00011066497931254817
245.0 0.00010942722659232906
246.0 0.00010818947387210994
247.0 0.00010695172115189083
248.0 0.00010574807303534785
249.0 0.00010458938668175339
250.0 0.00010343070032815893
251.0 0.00010227201397456448
252.0 0.00010111332762097002
253.0 9.998684834162594e-05
254.0 9.890304094882891e-05
255.0 9.781923355603188e-05
256.0 9.673542616323483e-05
257.0 9.565161877043781e-05
258.0 9.459093277338085e-05
259.0 9.357764522256621e-05
260.0 9.256435767175155e-05
261.0 9.15510701209369e-05
262.0 9.053778257012223e-05
263.0 8.953248727441692e-05
264.0 8.858441737455455e-05
265.0 8.763634747469215e-05
266.0 8.668827757482976e-05
267.0 8.574020767496737e-05
268.0 8.4792137775105e-05
269.0 8.389481427203732e-05
270.0 8.300923458327516e-05
271.0 8.212365489451301e-05
272.0 8.123807520575084e-05
273.0 8.03524955169887e-05
274.0 7.949002834397587e-05
275.0 7.866306331925669e-05
276.0 7.78360982945375e-05
277.0 7.700913326981831e-05
278.0 7.618216824509914e-05
279.0 7.535520322037995e-05
280.0 7.457595647974183e-05
281.0 7.380402284934155e-05
282.0 7.303208921894126e-05
283.0 7.2260155588541e-05
284.0 7.148822195814073e-05
285.0 7.072811175493517e-05
286.0 7.000797831624153e-05
287.0 6.928784487754789e-05
288.0 6.856771143885425e-05
289.0 6.784757800016064e-05
290.0 6.7127444561467e-05
291.0 6.643050980046435e-05
292.0 6.575916652998162e-05
293.0 6.50878232594989e-05
294.0 6.441647998901617e-05
295.0 6.374513671853342e-05
296.0 6.30737934480507e-05
297.0 6.243017063033961e-05
298.0 6.180453352088628e-05
299.0 6.117889641143295e-05
