10.0 0.02383998156104809
11.0 0.014994250804819127
12.0 0.00871003177506378
13.0 0.004618115621696969
14.0 0.0018669877454089382
15.0 0.00013168298878122068
16.0 -0.0008507648636751399
17.0 -0.0014487095790570695
18.0 -0.0016993798187561408
19.0 -0.0017618757683554652
20.0 -0.001698312959269612
21.0 -0.0015585818020826486
22.0 -0.0013796331956562858
23.0 -0.0011824934404801007
24.0 -0.0009826072852926098
25.0 -0.0007884728979457123
26.0 -0.0006057866390784084
27.0 -0.00043709091957722915
28.0 -0.00028372319021423173
29.0 -0.00014675176403405085
30.0 -2.502611993195274e-05
31.0 8.29723960256307e-05
32.0 0.0001771037263887933
33.0 0.00025917356236582597
34.0 0.0003301809409111023
35.0 0.00039140116074334793
36.0 0.0004433865488826422
37.0 0.00048796603132898254
38.0 0.0005250842447702516
39.0 0.0005561042387630225
40.0 0.0005818832165821522
41.0 0.0006027643752004667
42.0 0.0006191580187267867
43.0 0.0006320106240808575
44.0 0.0006417360900278153
45.0 0.0006486220673636172
46.0 0.0006529587207748011
47.0 0.0006552005212589849
48.0 0.000655633552225569
49.0 0.0006543784661730767
50.0 0.0006517202748699651
51.0 0.0006477375361451841
52.0 0.0006428335413582231
53.0 0.0006370527672290238
54.0 0.0006305361222903644
55.0 0.0006233165168156612
56.0 0.0006155728567040131
57.0 0.0006074564047632246
58.0 0.0005989912046177524
59.0 0.0005902234304722621
60.0 0.0005812365942370997
61.0 0.0005720232482352129
62.0 0.0005627131792732389
63.0 0.0005533130822949833
64.0 0.0005438539337045825
65.0 0.0005343660725562198
66.0 0.0005248847337841513
67.0 0.0005154584757493825
68.0 0.0005060726558158209
69.0 0.0004967351593333593
70.0 0.00048749767152364527
71.0 0.0004783709825804299
72.0 0.00046933717512878534
73.0 0.0004604128444850309
74.0 0.00045161971517570327
75.0 0.00044294533812129836
76.0 0.000434409095821531
77.0 0.0004260222346135614
78.0 0.0004177702970258418
79.0 0.00040971057428317866
80.0 0.00040175165776377666
81.0 0.0003938880696085139
82.0 0.000386280475040839
83.0 0.0003788103000561464
84.0 0.0003714350016422456
85.0 0.00036422485926924307
86.0 0.00035710720483145747
87.0 0.00035025791226797886
88.0 0.0003434953446192387
89.0 0.00033682100052996686
90.0 0.00033037732471660514
91.0 0.0003240198271011996
92.0 0.00031784947781038873
93.0 0.00031171866648545276
94.0 0.0003058500106020535
95.0 0.0003000242196062833
96.0 0.0002943619026202635
97.0 0.0002887722224024007
98.0 0.0002833579740526044
99.0 0.0002780288744849419
100.0 0.0002728656588889313
101.0 0.0002677728122463999
102.0 0.0002628129087195205
103.0 0.00025793210106808825
104.0 0.0002532250864891498
105.0 0.0002485657891234278
106.0 0.00024405897336915344
107.0 0.00023957837215856208
108.0 0.00023528638929067042
109.0 0.00023099440642277875
110.0 0.00022690452990881073
111.0 0.0002228224308144302
112.0 0.00021888415804456268
113.0 0.00021499124211410873
114.0 0.0002112012091033287
115.0 0.00020750882255651877
116.0 0.00020385393190405288
117.0 0.0002003316196164844
118.0 0.00019680930732891592
119.0 0.00019345405475353845
120.0 0.0001901212459031266
121.0 0.00018687033967409742
122.0 0.0001837028522417321
123.0 0.00018054595715467762
124.0 0.00017755194449796077
125.0 0.00017455793184124389
126.0 0.00017165007567804852
127.0 0.0001688052445163588
128.0 0.00016596714772815425
129.0 0.0001632759799211871
130.0 0.00016058481211422002
131.0 0.00015795611183121714
132.0 0.0001554010570006498
133.0 0.00015284600217008247
134.0 0.00015041080734277696
135.0 0.00014800159707501108
136.0 0.0001456097436069157
137.0 0.00014333256847425728
138.0 0.0001410553933415988
139.0 0.00013882654662312116
140.0 0.00013667433872017356
141.0 0.00013452213081722599
142.0 0.00013243768572959638
143.0 0.00013040100475226506
144.0 0.00012836432377493376
145.0 0.00012641190194265166
146.0 0.0001244906740867701
147.0 0.00012256944623088853
148.0 0.00012073617091016425
149.0 0.00011892281250634592
150.0 0.0001171094541025276
151.0 0.00011538341516468901
152.0 0.00011367375748015219
153.0 0.00011196409979561538
154.0 0.00011033306791191652
155.0 0.00010872064229805639
156.0 0.00010710821668419628
157.0 0.00010556098492204063
158.0 0.00010403987115779014
159.0 0.00010251875739353967
160.0 0.00010104747441025615
161.0 9.96158585814417e-05
162.0 9.818424275262725e-05
163.0 9.678090279517376e-05
164.0 9.543348795293438e-05
165.0 9.408607311069498e-05
166.0 9.274239845529258e-05
167.0 9.147011973068827e-05
168.0 9.019784100608399e-05
169.0 8.892556228147968e-05
170.0 8.77054523155232e-05
171.0 8.650798238764258e-05
172.0 8.531051245976196e-05
173.0 8.41333845969613e-05
174.0 8.300929333769274e-05
175.0 8.188520207842416e-05
176.0 8.076111081915562e-05
177.0 7.968862755854926e-05
178.0 7.863002967200731e-05
179.0 7.757143178546533e-05
180.0 7.6526538139535e-05
181.0 7.552797584252888e-05
182.0 7.452941354552274e-05
183.0 7.35308512485166e-05
184.0 7.256947098916125e-05
185.0 7.16332279507196e-05
186.0 7.069698491227797e-05
187.0 6.976074187383634e-05
188.0 6.887343803366181e-05
189.0 6.799208149940806e-05
190.0 6.71107249651543e-05
191.0 6.623532148000935e-05
192.0 6.540721069954376e-05
193.0 6.457909991907817e-05
194.0 6.375098913861257e-05
195.0 6.293524405145218e-05
196.0 6.21555113856318e-05
197.0 6.137577871981144e-05
198.0 6.0596046053991086e-05
199.0 5.983190993471465e-05
200.0 5.910068808658172e-05
201.0 5.8369466238448785e-05
202.0 5.763824439031585e-05
203.0 5.692067340668568e-05
204.0 5.623378205389035e-05
205.0 5.554689070109502e-05
206.0 5.485999934829969e-05
207.0 5.4181443130914844e-05
208.0 5.353363217156892e-05
209.0 5.288582121222299e-05
210.0 5.223801025287707e-05
211.0 5.159175058984849e-05
212.0 5.0987136656885526e-05
213.0 5.0382522723922564e-05
214.0 4.977790879095961e-05
215.0 4.917329485799665e-05
216.0 4.859555676911493e-05
217.0 4.802565924296623e-05
218.0 4.745576171681753e-05
219.0 4.688586419066883e-05
220.0 4.633016247525401e-05
221.0 4.579356479592027e-05
222.0 4.525696711658654e-05
223.0 4.47203694372528e-05
224.0 4.418377175791907e-05
225.0 4.3683133556591406e-05
226.0 4.318283589452661e-05
227.0 4.268253823246182e-05
228.0 4.2182240570397035e-05
229.0 4.169625143739216e-05
230.0 4.122670310540247e-05
231.0 4.075715477341277e-05
232.0 4.028760644142308e-05
233.0 3.981805810943339e-05
234.0 3.9370605689029806e-05
235.0 3.892709480127202e-05
236.0 3.8483583913514224e-05
237.0 3.8040073025756444e-05
238.0 3.7600858185935895e-05
239.0 3.7188332282733206e-05
240.0 3.677580637953051e-05
241.0 3.6363280476327816e-05
242.0 3.595075457312513e-05
243.0 3.5546103509056417e-05
244.0 3.51571881684946e-05
245.0 3.476827282793279e-05
246.0 3.4379357487370975e-05
247.0 3.3990442146809154e-05
248.0 3.361260319364252e-05
249.0 3.324936678238248e-05
250.0 3.288613037112243e-05
251.0 3.252289395986238e-05
252.0 3.215965754860234e-05
253.0 3.180614917876872e-05
254.0 3.146552971268483e-05
255.0 3.112491024660095e-05
256.0 3.0784290780517065e-05
257.0 3.0443671314433177e-05
258.0 3.0109616490787916e-05
259.0 2.9789019066307675e-05
260.0 2.9468421641827433e-05
261.0 2.9147824217347195e-05
262.0 2.882722679286695e-05
263.0 2.8509452840472634e-05
264.0 2.8211895248236683e-05
265.0 2.7914337656000732e-05
266.0 2.761678006376478e-05
267.0 2.7319222471528826e-05
268.0 2.7021664879292875e-05
269.0 2.6738461473509254e-05
270.0 2.6458579937076958e-05
271.0 2.617869840064466e-05
272.0 2.589881686421237e-05
273.0 2.5618935327780072e-05
274.0 2.534638282703465e-05
275.0 2.5085088144980492e-05
276.0 2.4823793462926327e-05
277.0 2.4562498780872165e-05
278.0 2.4301204098818e-05
279.0 2.4039909416763837e-05
280.0 2.379391939319183e-05
281.0 2.355027489936357e-05
282.0 2.330663040553531e-05
283.0 2.306298591170705e-05
284.0 2.2819341417878787e-05
285.0 2.257938460680393e-05
286.0 2.2351896399172016e-05
287.0 2.2124408191540102e-05
288.0 2.189691998390819e-05
289.0 2.166943177627627e-05
290.0 2.1441943568644358e-05
291.0 2.1221475989124122e-05
292.0 2.1008753175928807e-05
293.0 2.0796030362733492e-05
294.0 2.0583307549538173e-05
295.0 2.037058473634286e-05
296.0 2.0157861923147544e-05
297.0 1.9953740873782618e-05
298.0 1.9755200859331886e-05
299.0 1.9556660844881154e-05
