10.0 0.008025051858076324
11.0 0.007405826072277759
12.0 0.006801088250914182
13.0 0.006317664114430805
14.0 0.005866722063511953
15.0 0.005470149196474776
16.0 0.005133733970518543
17.0 0.004807901759366853
18.0 0.00452357166439408
19.0 0.004261506961878947
20.0 0.004022505767724867
21.0 0.003803876253448214
22.0 0.003602295751931893
23.0 0.0034167389620760953
24.0 0.0032450305701986733
25.0 0.003085768854606734
26.0 0.002937719128051169
27.0 0.002799794526860512
28.0 0.0026709758833253056
29.0 0.002550908726958682
30.0 0.002438380555082739
31.0 0.0023325680656289937
32.0 0.0022334953247097953
33.0 0.0021401348539259314
34.0 0.0020522484532957395
35.0 0.001969293735830147
36.0 0.001891127297138453
37.0 0.0018169147100652644
38.0 0.0017471012837131778
39.0 0.0016808286760874216
40.0 0.0016178353115281858
41.0 0.0015581391229799837
42.0 0.001501600768718676
43.0 0.0014477785538068103
44.0 0.0013965257375599983
45.0 0.0013476957387062087
46.0 0.0013011515221655323
47.0 0.0012567802539254615
48.0 0.0012144592409643346
49.0 0.0011740795251722934
50.0 0.0011355227946541519
51.0 0.0010986423556473043
52.0 0.001063393929422161
53.0 0.0010296878492298555
54.0 0.000997418755977093
55.0 0.0009664984532868545
56.0 0.0009368518418724669
57.0 0.0009084107024970527
58.0 0.0008811014675880279
59.0 0.0008548556772096834
60.0 0.0008296119738632403
61.0 0.0008053645604142806
62.0 0.0007822059907097362
63.0 0.0007598890806712723
64.0 0.0007383639206378302
65.0 0.0007175836317995692
66.0 0.0006976332313938912
67.0 0.0006785184334023531
68.0 0.0006600214439214769
69.0 0.0006421056637179624
70.0 0.0006249285451977717
71.0 0.0006084098123248177
72.0 0.0005923709353059861
73.0 0.0005768531096924269
74.0 0.0005620383387043646
75.0 0.0005476161516691163
76.0 0.0005336159757499741
77.0 0.0005202714413630765
78.0 0.0005072443243274825
79.0 0.0004946322797374338
80.0 0.00048254562632025897
81.0 0.00047071190738925066
82.0 0.00045936435223222876
83.0 0.0004483651813179097
84.0 0.0004376065401850686
85.0 0.00042736407831294707
86.0 0.00041728670431802285
87.0 0.0004076292924186755
88.0 0.00039822309608634197
89.0 0.0003890724564366832
90.0 0.00038027793946098117
91.0 0.0003716164707346399
92.0 0.0003633820968762897
93.0 0.00035522039243441006
94.0 0.0003474673177251202
95.0 0.00033980110756120493
96.0 0.0003324661730945558
97.0 0.00032524873972590156
98.0 0.00031831509427408496
99.0 0.0003115111767082316
100.0 0.00030495999061332004
101.0 0.0002985329363734092
102.0 0.0002923403957185313
103.0 0.0002862563565997162
104.0 0.0002804107220148423
105.0 0.00027464247558106153
106.0 0.0002691215250220857
107.0 0.0002636384567414193
108.0 0.0002584279582463953
109.0 0.0002532174597513714
110.0 0.00024829143382380065
111.0 0.00024337635491731684
112.0 0.0002386723995971612
113.0 0.00023403502387315338
114.0 0.00022953415011010172
115.0 0.00022516283073620045
116.0 0.0002208467581102486
117.0 0.0002167260274980604
118.0 0.00021260529688587216
119.0 0.00020869445502891525
120.0 0.0002048118107872542
121.0 0.0002010401354063331
122.0 0.00019738148313351063
123.0 0.00019373590172129166
124.0 0.0001902913157901699
125.0 0.00018684672985904818
126.0 0.00018351791849142895
127.0 0.0001802737982682705
128.0 0.0001770380826387205
129.0 0.00017398573646132813
130.0 0.00017093339028393577
131.0 0.00016796351292739015
132.0 0.0001650908613489394
133.0 0.00016221820977048866
134.0 0.00015948564770727639
135.0 0.00015678345577797473
136.0 0.0001541023063965586
137.0 0.00015156018750524846
138.0 0.00014901806861393832
139.0 0.00014653486340856362
140.0 0.00014414508305863124
141.0 0.00014175530270869893
142.0 0.00013944952789974848
143.0 0.00013720296624341433
144.0 0.0001349564045870802
145.0 0.00013280852812673377
146.0 0.000130697186379301
147.0 0.0001285858446318683
148.0 0.00012657833237419367
149.0 0.00012459433238158567
150.0 0.00012261033238897766
151.0 0.00012072741431108405
152.0 0.00011886345934102198
153.0 0.00011699950437095991
154.0 0.0001152269708509461
155.0 0.00011347607160556635
156.0 0.00011172517236018658
157.0 0.00011005041012026107
158.0 0.0001084061499307126
159.0 0.00010676188974116413
160.0 0.00010517345612001124
161.0 0.00010362946252305735
162.0 0.00010208546892610346
163.0 0.0001005731650366725
164.0 9.912353828004137e-05
165.0 9.767391152341023e-05
166.0 9.622872847623338e-05
167.0 9.486837080985004e-05
168.0 9.35080131434667e-05
169.0 9.214765547708336e-05
170.0 9.084551549936031e-05
171.0 8.956864065583103e-05
172.0 8.829176581230173e-05
173.0 8.703663895965962e-05
174.0 8.58382142936328e-05
175.0 8.463978962760596e-05
176.0 8.344136496157912e-05
177.0 8.230109801933863e-05
178.0 8.11764786854232e-05
179.0 8.005185935150776e-05
180.0 7.894315318281365e-05
181.0 7.788824630378834e-05
182.0 7.683333942476305e-05
183.0 7.577843254573774e-05
184.0 7.476227907446474e-05
185.0 7.377232516172533e-05
186.0 7.278237124898592e-05
187.0 7.179241733624651e-05
188.0 7.085733659209938e-05
189.0 6.992892427596119e-05
190.0 6.9000511959823e-05
191.0 6.8078537228036e-05
192.0 6.720770448584228e-05
193.0 6.633687174364856e-05
194.0 6.546603900145484e-05
195.0 6.460909010806748e-05
196.0 6.37925749372945e-05
197.0 6.29760597665215e-05
198.0 6.215954459574851e-05
199.0 6.135932992381545e-05
200.0 6.05935151132286e-05
201.0 5.9827700302641765e-05
202.0 5.906188549205492e-05
203.0 5.831075495881284e-05
204.0 5.7592626599749714e-05
205.0 5.687449824068659e-05
206.0 5.615636988162346e-05
207.0 5.5447832021612556e-05
208.0 5.477466999577363e-05
209.0 5.410150796993471e-05
210.0 5.342834594409579e-05
211.0 5.275668605396265e-05
212.0 5.2125352139869943e-05
213.0 5.149401822577723e-05
214.0 5.086268431168452e-05
215.0 5.023135039759182e-05
216.0 4.963081720840261e-05
217.0 4.9039269598051365e-05
218.0 4.844772198770011e-05
219.0 4.7856174377348855e-05
220.0 4.728052219950153e-05
221.0 4.672626132658017e-05
222.0 4.617200045365881e-05
223.0 4.5617739580737446e-05
224.0 4.506347870781609e-05
225.0 4.454355192824302e-05
226.0 4.4023950295404245e-05
227.0 4.350434866256546e-05
228.0 4.2984747029726686e-05
229.0 4.248042132775111e-05
230.0 4.199364799182183e-05
231.0 4.150687465589256e-05
232.0 4.102010131996328e-05
233.0 4.0533327984033995e-05
234.0 4.0072947740360704e-05
235.0 3.96172755728555e-05
236.0 3.916160340535029e-05
237.0 3.870593123784508e-05
238.0 3.8254240454619584e-05
239.0 3.7827283779170487e-05
240.0 3.740032710372139e-05
241.0 3.697337042827229e-05
242.0 3.65464137528232e-05
243.0 3.612857566275208e-05
244.0 3.572895858467124e-05
245.0 3.5329341506590415e-05
246.0 3.492972442850958e-05
247.0 3.453010735042875e-05
248.0 3.414150118094645e-05
249.0 3.37674112294785e-05
250.0 3.3393321278010554e-05
251.0 3.30192313265426e-05
252.0 3.2645141375074655e-05
253.0 3.2281449701627375e-05
254.0 3.19315349436656e-05
255.0 3.1581620185703826e-05
256.0 3.123170542774205e-05
257.0 3.088179066978027e-05
258.0 3.053934081531319e-05
259.0 3.0212193879016582e-05
260.0 2.9885046942719964e-05
261.0 2.955790000642335e-05
262.0 2.9230753070126738e-05
263.0 2.890618648900279e-05
264.0 2.86000955251046e-05
265.0 2.8294004561206414e-05
266.0 2.7987913597308223e-05
267.0 2.7681822633410035e-05
268.0 2.737573166951185e-05
269.0 2.708602453291539e-05
270.0 2.680010896848165e-05
271.0 2.6514193404047904e-05
272.0 2.6228277839614163e-05
273.0 2.594236227518042e-05
274.0 2.566390874727458e-05
275.0 2.5396917334971357e-05
276.0 2.5129925922668127e-05
277.0 2.4862934510364898e-05
278.0 2.4595943098061672e-05
279.0 2.4328951685758446e-05
280.0 2.4077366453497352e-05
281.0 2.3828142309761587e-05
282.0 2.3578918166025818e-05
283.0 2.3329694022290053e-05
284.0 2.3080469878554288e-05
285.0 2.2835063010556517e-05
286.0 2.2602562919142355e-05
287.0 2.2370062827728193e-05
288.0 2.2137562736314027e-05
289.0 2.1905062644899865e-05
290.0 2.1672562553485703e-05
291.0 2.1447552316581915e-05
292.0 2.123080447045965e-05
293.0 2.1014056624337386e-05
294.0 2.0797308778215122e-05
295.0 2.0580560932092858e-05
296.0 2.0363813085970594e-05
297.0 2.015601498090609e-05
298.0 1.9954023686898155e-05
299.0 1.9752032392890223e-05
