10.0 0.11641827464750659
11.0 0.09900996017867408
12.0 0.0848675731192428
13.0 0.07323511372406422
14.0 0.06356488577077768
15.0 0.05545195260028374
16.0 0.04859162290707238
17.0 0.04275046346672186
18.0 0.03774660930326738
19.0 0.03343658804444401
20.0 0.029706140320083868
21.0 0.02646340700567955
22.0 0.023633760647355746
23.0 0.021155942000508045
24.0 0.01897923287755386
25.0 0.01706138317539417
26.0 0.01536702522719006
27.0 0.013866395275670311
28.0 0.01253429159856248
29.0 0.01134925119898372
30.0 0.010292911732023338
31.0 0.009349504106843123
32.0 0.008505433262968957
33.0 0.007748930433498649
34.0 0.007069772065889136
35.0 0.006459056031640071
36.0 0.005909017525373026
37.0 0.005412868254726059
38.0 0.00496465472305625
39.0 0.00455914112010202
40.0 0.004191718108473756
41.0 0.0038583278163345815
42.0 0.003555393487191697
43.0 0.0032797521499726328
44.0 0.0030285973850901
45.0 0.002799436552374081
46.0 0.002590057869356233
47.0 0.002398499432160643
48.0 0.0022230176224758715
49.0 0.002062058384887307
50.0 0.0019142345418634611
51.0 0.0017783077504793868
52.0 0.0016531714912403788
53.0 0.0015378337698881042
54.0 0.001431401317836163
55.0 0.0013330672871684744
56.0 0.0012421022798841026
57.0 0.0011578470112841217
58.0 0.001079705412289421
59.0 0.001007138316067546
60.0 0.0009396583137496011
61.0 0.000876825653838783
62.0 0.0008182442849758276
63.0 0.0007635572564379798
64.0 0.0007124415985815791
65.0 0.0006646036639869167
66.0 0.0006197760123389838
67.0 0.0005777162558432707
68.0 0.0005382074194744143
69.0 0.0005010589317375375
70.0 0.0004661075371296729
71.0 0.0004332179067922904
72.0 0.00040228306125510626
73.0 0.00037322470632694774
74.0 0.00034599338399509473
75.0 0.0003205682391921066
76.0 0.0002969562888790159
77.0 0.0002751911808150039
78.0 0.0002553313388809244
79.0 0.00023745711460839103
80.0 0.0002216663255711472
81.0 0.00020806758970789863
82.0 0.00019677119431503988
83.0 0.00018787771367911725
84.0 0.00018146502839084793
85.0 0.00017757472396987673
86.0 0.0001761990657324385
87.0 0.00017726986127005565
88.0 0.0001806504789740101
89.0 0.000186132038511492
90.0 0.00019343435260020273
91.0 0.00020221169209810245
92.0 0.0002120630000034616
93.0 0.0002225458643459898
94.0 0.0002331933615836221
95.0 0.0002435327470818687
96.0 0.00025310486208105035
97.0 0.00026148305553760226
98.0 0.0002682904198276969
99.0 0.0002732142421284696
100.0 0.0002760167843075455
101.0 0.0002765418040229568
102.0 0.00027471658270531373
103.0 0.0002705495889486177
104.0 0.0002641242353975526
105.0 0.00025558944801092195
106.0 0.0002451479370924805
107.0 0.00023304313343337483
108.0 0.00021954573514542113
109.0 0.00020494071229429288
110.0 0.00018951545330754413
111.0 0.00017354953271298023
112.0 0.0001573063653532587
113.0 0.0001410268214731064
114.0 0.00012492473547563043
115.0 0.00010918415688320938
116.0 9.395815462499453e-05
117.0 7.936897365652605e-05
118.0 6.55093354991533e-05
119.0 5.244466120517633e-05
120.0 4.0215978360389055e-05
121.0 2.8843262148989905e-05
122.0 1.8328963153948718e-05
123.0 8.661495073440594e-06
124.0 -1.8150830076554442e-07
125.0 -8.230310823179231e-06
126.0 -1.5520658153691252e-05
127.0 -2.20918656303326e-05
128.0 -2.7985393741955148e-05
129.0 -3.324384716585697e-05
130.0 -3.791029720022692e-05
131.0 -4.202780964338527e-05
132.0 -4.563906479582352e-05
133.0 -4.878598235527064e-05
134.0 -5.150930493692129e-05
135.0 -5.384813903319973e-05
136.0 -5.583948976118822e-05
137.0 -5.751784676438599e-05
138.0 -5.89148795267903e-05
139.0 -6.005928357672217e-05
140.0 -6.0976791737820724e-05
141.0 -6.169033573391478e-05
142.0 -6.222032092116002e-05
143.0 -6.258496524407616e-05
144.0 -6.280065330332125e-05
145.0 -6.288226515271955e-05
146.0 -6.284345303947226e-05
147.0 -6.269685376349108e-05
148.0 -6.245423677828042e-05
149.0 -6.212659712474976e-05
150.0 -6.172420744859512e-05
151.0 -6.125664497978818e-05
152.0 -6.073280793240891e-05
153.0 -6.01609318827444e-05
154.0 -5.954861107897692e-05
155.0 -5.8902823484205704e-05
156.0 -5.82299531916044e-05
157.0 -5.753580129120608e-05
158.0 -5.682557746657389e-05
159.0 -5.610386969911535e-05
160.0 -5.5374597291268185e-05
161.0 -5.464096068142028e-05
162.0 -5.3905407411879914e-05
163.0 -5.3169634745383e-05
164.0 -5.243464471092944e-05
165.0 -5.1700857459669053e-05
166.0 -5.096827604496413e-05
167.0 -5.0236683423309506e-05
168.0 -4.950584393021588e-05
169.0 -4.877567907468623e-05
170.0 -4.8046391933412144e-05
171.0 -4.731852462238717e-05
172.0 -4.659294672867216e-05
173.0 -4.58707859132632e-05
174.0 -4.5153322006924285e-05
175.0 -4.4441870615116516e-05
176.0 -4.373768077818978e-05
177.0 -4.304186442040495e-05
178.0 -4.235536525862796e-05
179.0 -4.167896427853646e-05
180.0 -4.10133104615487e-05
181.0 -4.035896099750527e-05
182.0 -3.9716415359573834e-05
183.0 -3.908613169887587e-05
184.0 -3.846852045655507e-05
185.0 -3.786391694265712e-05
186.0 -3.7272540171106986e-05
187.0 -3.669444838783458e-05
188.0 -3.612950219363767e-05
189.0 -3.5577344318917035e-05
190.0 -3.5037401717083226e-05
191.0 -3.450891156179312e-05
192.0 -3.3990968709283306e-05
193.0 -3.3482588794971826e-05
194.0 -3.298277879248811e-05
195.0 -3.249060587709444e-05
196.0 -3.2005255979818515e-05
197.0 -3.152607547472311e-05
198.0 -3.105259270728392e-05
199.0 -3.0584519931757774e-05
200.0 -3.012173982622479e-05
201.0 -2.96642832021157e-05
202.0 -2.921230514715041e-05
203.0 -2.8766065422721133e-05
204.0 -2.8325915842853504e-05
205.0 -2.7892293476410247e-05
206.0 -2.7465715010561767e-05
207.0 -2.704676561809778e-05
208.0 -2.6636075919198662e-05
209.0 -2.6234283229554854e-05
210.0 -2.5841977663475532e-05
211.0 -2.5459638688692186e-05
212.0 -2.5087572032926075e-05
213.0 -2.472585916447931e-05
214.0 -2.4374331111090607e-05
215.0 -2.4032575020392223e-05
216.0 -2.369997619579929e-05
217.0 -2.3375791535345374e-05
218.0 -2.305924382667775e-05
219.0 -2.2749621631371763e-05
220.0 -2.244636758012379e-05
221.0 -2.2149139255366896e-05
222.0 -2.1857831239309587e-05
223.0 -2.1572553516409593e-05
224.0 -2.1293568977913332e-05
225.0 -2.102119985977466e-05
226.0 -2.075571825429271e-05
227.0 -2.0497238438235895e-05
228.0 -2.0245628255366293e-05
229.0 -2.0000453366615952e-05
230.0 -1.9760962554665863e-05
231.0 -1.952611553723312e-05
232.0 -1.929464815282355e-05
233.0 -1.9065164489736113e-05
234.0 -1.8836242373375558e-05
235.0 -1.8606537981972634e-05
236.0 -1.8374877085529084e-05
237.0 -1.8140323905480863e-05
238.0 -1.790222299237194e-05
239.0 -1.7660213861561937e-05
240.0 -1.7414221606124903e-05
241.0 -1.716442882950415e-05
242.0 -1.691123490765971e-05
243.0 -1.665520806357286e-05
244.0 -1.6397034520720533e-05
245.0 -1.6137467673522828e-05
246.0 -1.5877279246661494e-05
247.0 -1.561721406048254e-05
248.0 -1.5357950249982578e-05
249.0 -1.5100067336307468e-05
250.0 -1.484402502449682e-05
251.0 -1.4590155604335275e-05
252.0 -1.4338672097551094e-05
253.0 -1.408969277338197e-05
254.0 -1.3843280529920856e-05
255.0 -1.359949328675311e-05
256.0 -1.3358439431374624e-05
257.0 -1.312033097005129e-05
258.0 -1.2885526694427509e-05
259.0 -1.2654558532216606e-05
260.0 -1.2428136219880613e-05
261.0 -1.2207128223887053e-05
262.0 -1.1992520002284692e-05
263.0 -1.1785353733826439e-05
264.0 -1.1586656072762006e-05
265.0 -1.1397361953388092e-05
266.0 -1.1218242781314055e-05
267.0 -1.1049846516153858e-05
268.0 -1.0892455363840092e-05
269.0 -1.0746064384573046e-05
270.0 -1.0610381685952142e-05
271.0 -1.0484848409237304e-05
272.0 -1.0368674761326788e-05
273.0 -1.0260887109894952e-05
274.0 -1.0160380719411075e-05
275.0 -1.00659730032029e-05
276.0 -9.976453038438953e-06
277.0 -9.890624314227594e-06
278.0 -9.807339023811155e-06
279.0 -9.72552346612267e-06
280.0 -9.644195144783356e-06
281.0 -9.562472868046105e-06
282.0 -9.479581549060988e-06
283.0 -9.39485351645773e-06
284.0 -9.307728030243227e-06
285.0 -9.217750422432544e-06
286.0 -9.124571903581466e-06
287.0 -9.027950641309865e-06
288.0 -8.92775426090559e-06
289.0 -8.823963473139266e-06
290.0 -8.716676133563921e-06
291.0 -8.6061107169259e-06
292.0 -8.492607987226215e-06
293.0 -8.376629589508902e-06
294.0 -8.258752401951708e-06
295.0 -8.139657764196213e-06
296.0 -8.020115115829044e-06
297.0 -7.90096009194898e-06
298.0 -7.783067671353877e-06
299.0 -7.667321492105559e-06
