10.0 0.4575100887329012
11.0 0.38313396763775975
12.0 0.32343204797939173
13.0 0.2749315139531951
14.0 0.23512621802058972
15.0 0.20217119127144512
16.0 0.17468443580061618
17.0 0.15161086762159232
18.0 0.1321305836473875
19.0 0.11559881664673385
20.0 0.1015044688648874
21.0 0.08943890509509529
22.0 0.07907193773404872
23.0 0.07013388521770288
24.0 0.06240264633369429
25.0 0.0556944004951302
26.0 0.049856508253982294
27.0 0.04476168129355483
28.0 0.04030315725734193
29.0 0.03639090284463984
30.0 0.032948718630443304
31.0 0.029911950206384864
32.0 0.027225578007852927
33.0 0.02484262052357014
34.0 0.022722853537781175
35.0 0.020831807820233805
36.0 0.019139946529850543
37.0 0.01762192903508974
38.0 0.016255947862210508
39.0 0.01502318736300701
40.0 0.013907420207385902
41.0 0.012894681692288579
42.0 0.011972949444155438
43.0 0.011131823215780753
44.0 0.010362256959893321
45.0 0.009656374918673391
46.0 0.009007341712397296
47.0 0.008409234520350148
48.0 0.007856902249066676
49.0 0.007345837149568995
50.0 0.006872081264232945
51.0 0.00643215861488997
52.0 0.006023009183063456
53.0 0.005641916554551191
54.0 0.00528644206477485
55.0 0.0049543793183002924
56.0 0.00464372806020253
57.0 0.00435267597019365
58.0 0.004079580544906595
59.0 0.0038229523864421085
60.0 0.003581444107643484
61.0 0.0033538441483094675
62.0 0.0031390695387089208
63.0 0.0029361524902219256
64.0 0.002744221873193822
65.0 0.002562486378761117
66.0 0.0023902266915804393
67.0 0.0022267993326556173
68.0 0.002071648919862895
69.0 0.0019243226512839714
70.0 0.0017844820863424976
71.0 0.001651910667786347
72.0 0.0015265177796572806
73.0 0.001408340132628523
74.0 0.0012975400598741783
75.0 0.0011943998327696888
76.0 0.001099311935186302
77.0 0.0010127661578394499
78.0 0.0009353339465124759
79.0 0.0008676486626755551
80.0 0.0008103787869706559
81.0 0.000764191128994206
82.0 0.0007297029924058302
83.0 0.0007074249183747941
84.0 0.000697697901003024
85.0 0.000700630391774123
86.0 0.0007160411629490795
87.0 0.000743414303361035
88.0 0.0007818720231139928
89.0 0.0008301692693946584
90.0 0.0008867116118068259
91.0 0.0009495951876881035
92.0 0.0010166655136668056
93.0 0.0010855910065898605
94.0 0.0011539468600388046
95.0 0.0012193049684221728
96.0 0.001279325513016659
97.0 0.0013318456038163857
98.0 0.0013749602296081974
99.0 0.0014070909509860392
100.0 0.0014270384015723587
101.0 0.0014340157266217277
102.0 0.0014276614722938618
103.0 0.0014080319728943748
104.0 0.0013755747737884464
105.0 0.0013310858985406502
106.0 0.0012756546996262504
107.0 0.0012106005681584836
108.0 0.0011374059098750772
109.0 0.0010576495345790307
110.0 0.0009729439929493032
111.0 0.0008848795193827999
112.0 0.0007949762581311098
113.0 0.0007046455496743384
114.0 0.000615160383724897
115.0 0.0005276347318372971
116.0 0.0004430112907199758
117.0 0.00036205706693727695
118.0 0.00028536609780665075
119.0 0.0002133683869077478
120.0 0.00014634387215892985
121.0 8.444002132646543e-05
122.0 2.769153845187063e-05
123.0 -2.395930250559497e-05
124.0 -7.064301550727681e-05
125.0 -0.00011254500883581918
126.0 -0.0001498901751134751
127.0 -0.00018293034532369497
128.0 -0.00021193462575866043
129.0 -0.00023718230352161895
130.0 -0.00025895774771524446
131.0 -0.00027754659724529206
132.0 -0.00029323254152167964
133.0 -0.0003062941617701347
134.0 -0.00031700156358058977
135.0 -0.0003256128227721256
136.0 -0.0003323705075768592
137.0 -0.00033749867010438836
138.0 -0.00034120069521654893
139.0 -0.0003436582727323177
140.0 -0.0003450315682548172
141.0 -0.00034546047015359175
142.0 -0.0003450666382704519
143.0 -0.00034395600381157624
144.0 -0.000342221372833394
145.0 -0.00033994484961352375
146.0 -0.00033719989263867716
147.0 -0.00033405291732886504
148.0 -0.0003305644462396437
149.0 -0.0003267898694929543
150.0 -0.0003227799135416933
151.0 -0.00031858092723411745
152.0 -0.00031423508405942414
153.0 -0.0003097805725138194
154.0 -0.00030525180817113644
155.0 -0.00030067965924042363
156.0 -0.00029609164259948145
157.0 -0.00029151203041428747
158.0 -0.0002869618161895066
159.0 -0.000282458524224239
160.0 -0.0002780158998626455
161.0 -0.00027364357385320823
162.0 -0.00026934683353263956
163.0 -0.0002651266403861815
164.0 -0.0002609800005994863
165.0 -0.0002569007272821952
166.0 -0.00025288054608151305
167.0 -0.00024891041253880387
168.0 -0.00024498185230975496
169.0 -0.0002410881200780482
170.0 -0.0002372250042146497
171.0 -0.00023339117427219154
172.0 -0.00022958805970557924
173.0 -0.0002258193383732495
174.0 -0.00022209018113951315
175.0 -0.00021840642954134784
176.0 -0.0002147738722239329
177.0 -0.00021119773857652274
178.0 -0.00020768245917085463
179.0 -0.0002042316710141078
180.0 -0.00020084838917154915
181.0 -0.00019753523730699796
182.0 -0.00019429463203501424
183.0 -0.00019112884497133776
184.0 -0.00018803991101896085
185.0 -0.000185029398344137
186.0 -0.00018209809292660592
187.0 -0.00017924567123698185
188.0 -0.00017647043666884135
189.0 -0.00017376918156318045
190.0 -0.00017113721237927714
191.0 -0.0001685685467542479
192.0 -0.0001660562630588077
193.0 -0.0001635929595652168
194.0 -0.00016117126436527616
195.0 -0.00015878433075136396
196.0 -0.0001564262570359858
197.0 -0.00015409238451395048
198.0 -0.00015177945030197466
199.0 -0.00014948559882871606
200.0 -0.0001472102808991453
201.0 -0.00014495408638602974
202.0 -0.0001427185611162731
203.0 -0.0001405060489921971
204.0 -0.00013831957934722948
205.0 -0.0001361627930559567
206.0 -0.000134039877026084
207.0 -0.0001319554630700488
208.0 -0.00012991444877352327
209.0 -0.00012792171555418838
210.0 -0.00012598174866657884
211.0 -0.00012409819778407168
212.0 -0.00012227344562463948
213.0 -0.00012050826737909898
214.0 -0.00011880166009055542
215.0 -0.0001171508978773939
216.0 -0.00011555183011617227
217.0 -0.00011399939342938429
218.0 -0.00011248826455589596
219.0 -0.00011101354954994472
220.0 -0.00010957139233982176
221.0 -0.00010815939548036171
222.0 -0.00010677677633483973
223.0 -0.00010542422712914104
224.0 -0.00010410349869038616
225.0 -0.00010281677553163869
226.0 -0.00010156594548282035
227.0 -0.00010035188405349197
228.0 -9.917386954704999e-05
229.0 -9.802922103705322e-05
230.0 -9.691321266690116e-05
231.0 -9.581927187783616e-05
232.0 -9.473942462537958e-05
233.0 -9.366491524414647e-05
234.0 -9.25869079985976e-05
235.0 -9.149717393615619e-05
236.0 -9.038867934470579e-05
237.0 -8.925601675324059e-05
238.0 -8.809564990572683e-05
239.0 -8.69059739301756e-05
240.0 -8.568721551556633e-05
241.0 -8.444121198267802e-05
242.0 -8.317111207500276e-05
243.0 -8.188103697546808e-05
244.0 -8.057573100074391e-05
245.0 -7.926022164552376e-05
246.0 -7.793950143901005e-05
247.0 -7.661824116685438e-05
248.0 -7.530054524168519e-05
249.0 -7.398976357854021e-05
250.0 -7.268837753132777e-05
251.0 -7.139797756932602e-05
252.0 -7.011934559784618e-05
253.0 -6.885264479031615e-05
254.0 -6.759770573293818e-05
255.0 -6.635438212173033e-05
256.0 -6.512293540474095e-05
257.0 -6.390439873935447e-05
258.0 -6.270086871976415e-05
259.0 -6.151567946525774e-05
260.0 -6.035342724559701e-05
261.0 -5.921983284092532e-05
262.0 -5.812145027548716e-05
263.0 -5.7065250997106634e-05
264.0 -5.6058128795747306e-05
265.0 -5.5106380353384494e-05
266.0 -5.421521806107136e-05
267.0 -5.338836572850947e-05
268.0 -5.26277753854403e-05
269.0 -5.193348679759389e-05
270.0 -5.1303633336774226e-05
271.0 -5.0734581168810355e-05
272.0 -5.0221175591555455e-05
273.0 -4.975706019553434e-05
274.0 -4.9335031808944816e-05
275.0 -4.8947396493437994e-05
276.0 -4.85862980369638e-05
277.0 -4.8243998904585816e-05
278.0 -4.791310284901988e-05
279.0 -4.758671695716298e-05
280.0 -4.725855783497938e-05
281.0 -4.6923011405949405e-05
282.0 -4.6575158351536955e-05
283.0 -4.6210777807624684e-05
284.0 -4.582634097242354e-05
285.0 -4.5419004237788594e-05
286.0 -4.498660873422619e-05
287.0 -4.452769010201701e-05
288.0 -4.4041499117412474e-05
289.0 -4.352803073399451e-05
290.0 -4.2988056369685926e-05
291.0 -4.242315212202903e-05
292.0 -4.1835714276028015e-05
293.0 -4.122895318370977e-05
294.0 -4.060685745759089e-05
295.0 -3.997412240750934e-05
296.0 -3.933603958703294e-05
297.0 -3.8698347884546156e-05
298.0 -3.806705038434364e-05
299.0 -3.7448204790163815e-05
