10.0 0.4721012344410196
11.0 0.39594442746210023
12.0 0.3347452163423609
13.0 0.2849705284658167
14.0 0.24406985442706242
15.0 0.21016484774545627
16.0 0.18184795677140556
17.0 0.15804429099955336
18.0 0.13791841312308542
19.0 0.12081318968122942
20.0 0.10620752361627599
21.0 0.09368458950580409
22.0 0.08290742392978867
23.0 0.07360068828094087
24.0 0.0655375106038422
25.0 0.05853000214580861
26.0 0.052422018050119944
27.0 0.04708322488903125
28.0 0.04240419896380251
29.0 0.03829256793914592
30.0 0.03467006430782087
31.0 0.03147019474947646
32.0 0.028636297076285077
33.0 0.02611991713822989
34.0 0.023879505882906903
35.0 0.02187939786408302
36.0 0.020088972662032682
37.0 0.018481906172055956
38.0 0.017035497631019934
39.0 0.015730119454290623
40.0 0.01454880527531947
41.0 0.013476916774144199
42.0 0.012501817609879683
43.0 0.011612548820324772
44.0 0.010799556753244689
45.0 0.010054504644985779
46.0 0.009370138245051273
47.0 0.008740154285804136
48.0 0.008159056762094156
49.0 0.007622025942521463
50.0 0.007124822081673762
51.0 0.0066637148732341615
52.0 0.006235415039641983
53.0 0.005836999996428521
54.0 0.005465846169237434
55.0 0.005119581596261985
56.0 0.004796057811533604
57.0 0.00449332975716644
58.0 0.004209635993714956
59.0 0.00394338048000007
60.0 0.0036931200484716462
61.0 0.003457556872785825
62.0 0.0032355300496505765
63.0 0.0030260012409448742
64.0 0.00282803540218038
65.0 0.0026407832764403544
66.0 0.0024634728682372516
67.0 0.0022954125293084826
68.0 0.0021360024732453996
69.0 0.001984748634059173
70.0 0.0018412740236315563
71.0 0.0017053260487190091
72.0 0.0015767805563325886
73.0 0.00145564336581175
74.0 0.0013420488469268472
75.0 0.001236254623630456
76.0 0.0011386322853708048
77.0 0.0010496548849812568
78.0 0.0009698815757447774
79.0 0.0008999379937107439
80.0 0.0008404893966274708
81.0 0.0007922036194209755
82.0 0.0007557027885255428
83.0 0.0007315054063046617
84.0 0.0007199626963701403
85.0 0.000721194548099416
86.0 0.000735031180856506
87.0 0.0007609668779043642
88.0 0.0007981315641171859
89.0 0.0008452843441350234
90.0 0.0009008305817881681
91.0 0.0009628614229679539
92.0 0.001029212643339622
93.0 0.001097538679924576
94.0 0.0011653974406691688
95.0 0.0012303414726763592
96.0 0.0012900109546227913
97.0 0.0013422237469218744
98.0 0.0013850576037686552
99.0 0.0014169198629450774
100.0 0.001436600599959749
101.0 0.0014433063414278457
102.0 0.0014366728596547557
103.0 0.0014167571411702533
104.0 0.0013840101397637567
105.0 0.0013392332117927478
106.0 0.0012835220673509027
107.0 0.0012182026015085281
108.0 0.0011447630877509884
109.0 0.0010647869365401723
110.0 0.0009798895877105582
111.0 0.0008916622102015085
112.0 0.0008016238835841343
113.0 0.0007111830202805367
114.0 0.0006216081037861283
115.0 0.0005340074143890708
116.0 0.0004493172255296158
117.0 0.00036829785248021306
118.0 0.0002915368041621294
119.0 0.00021945808277043524
120.0 0.00015233642867943086
121.0 9.031509853573547e-05
122.0 3.342566453824998e-05
123.0 -1.8391636149841996e-05
124.0 -6.526830334908482e-05
125.0 -0.00010738976567214438
126.0 -0.00014498007986509372
127.0 -0.00017828950385530073
128.0 -0.00020758495270261346
129.0 -0.0002331430183181422
130.0 -0.00025524497973682976
131.0 -0.0002741730974211324
132.0 -0.00029020750116557747
133.0 -0.0003036231411799334
134.0 -0.0003146865319138747
135.0 -0.00032365230632960807
136.0 -0.00033075983676848227
137.0 -0.0003362303077500207
138.0 -0.0003402646224487846
139.0 -0.0003430424052637517
140.0 -0.0003447221759442275
141.0 -0.000345442576456961
142.0 -0.000345324382281283
143.0 -0.0003444729547559143
144.0 -0.00034298079369971056
145.0 -0.00034092991205115293
146.0 -0.000338393848855043
147.0 -0.00033543923644024947
148.0 -0.0003321269226968311
149.0 -0.0003285127102784507
150.0 -0.00032464780930322633
151.0 -0.00032057911080976163
152.0 -0.00031634937831734707
153.0 -0.0003119974283470546
154.0 -0.0003075583330276148
155.0 -0.0003030636367673148
156.0 -0.0002985415447049825
157.0 -0.00029401702399487915
158.0 -0.0002895117675191761
159.0 -0.0002850440041398035
160.0 -0.00028062819213698877
161.0 -0.0002762746875200752
162.0 -0.0002719895177127822
163.0 -0.0002677743979121651
164.0 -0.00026362709508866714
165.0 -0.0002595421778080416
166.0 -0.00025551210451066754
167.0 -0.0002515285208307216
168.0 -0.00024758358015515054
169.0 -0.0002436710864823332
170.0 -0.00023978728926473777
171.0 -0.00023593122876041243
172.0 -0.00023210462022528274
173.0 -0.00022831135401718447
174.0 -0.00022455675543051228
175.0 -0.00022084677833087134
176.0 -0.00021718729568548
177.0 -0.00021358360365568118
178.0 -0.0002100401882372712
179.0 -0.00020656073298665957
180.0 -0.00020314829076504298
181.0 -0.00019980551380127708
182.0 -0.00019653483857831104
183.0 -0.00019333855048076623
184.0 -0.00019021869701012052
185.0 -0.00018717686451393502
186.0 -0.00018421387022505425
187.0 -0.00018132944180197
188.0 -0.00017852195868703832
189.0 -0.00017578831612579638
190.0 -0.00017312394888842082
191.0 -0.0001705230234616321
192.0 -0.00016797877984971816
193.0 -0.0001654839810355169
194.0 -0.00016303141242962762
195.0 -0.0001606143672885145
196.0 -0.0001582270582304701
197.0 -0.00015586490941230444
198.0 -0.00015352470652810847
199.0 -0.0001512046083374321
200.0 -0.00014890404813035964
201.0 -0.00014662357035906368
202.0 -0.00014436465209166917
203.0 -0.00014212954956589657
204.0 -0.00013992118942080377
205.0 -0.0001377430981360468
206.0 -0.00013559933970243773
207.0 -0.00013349441813633787
208.0 -0.0001314331030420075
209.0 -0.0001294201537208101
210.0 -0.00012745994642237587
211.0 -0.00012555604268408712
212.0 -0.0001237107651099441
213.0 -0.00012192486202811079
214.0 -0.00012019733895936634
215.0 -0.00011852551198590667
216.0 -0.00011690529998359373
217.0 -0.00011533172716010814
218.0 -0.00011379956426316154
219.0 -0.00011230400566549599
220.0 -0.00011084126727149573
221.0 -0.00010940899978568299
222.0 -0.00010800644175339363
223.0 -0.00010663428123809637
224.0 -0.00010529424553938926
225.0 -0.00010398848545599105
226.0 -0.00010271885560615644
227.0 -0.00010148620908487459
228.0 -0.000100289820695932
229.0 -9.912702952266348e-05
230.0 -9.799315360561878e-05
231.0 -9.688168438422336e-05
232.0 -9.578472471104736e-05
233.0 -9.469359937072175e-05
234.0 -9.359954667948008e-05
235.0 -9.249439629967722e-05
236.0 -9.137115081043741e-05
237.0 -9.022441275268322e-05
238.0 -8.905062882408026e-05
239.0 -8.784815219340778e-05
240.0 -8.661714712210035e-05
241.0 -8.53593739577588e-05
242.0 -8.407789648840054e-05
243.0 -8.277674945240062e-05
244.0 -8.146059515028276e-05
245.0 -8.013438853801749e-05
246.0 -7.88030631343278e-05
247.0 -7.747124724838812e-05
248.0 -7.614302126883848e-05
249.0 -7.482173028419064e-05
250.0 -7.350986945666689e-05
251.0 -7.220905968746368e-05
252.0 -7.092012640080339e-05
253.0 -6.9643284379308e-05
254.0 -6.837841771787063e-05
255.0 -6.712542862161393e-05
256.0 -6.588461511530459e-05
257.0 -6.465702881892468e-05
258.0 -6.344476202707386e-05
259.0 -6.225111933892885e-05
260.0 -6.108064243289969e-05
261.0 -5.9938975285979385e-05
262.0 -5.88325782368376e-05
263.0 -5.7768319408888634e-05
264.0 -5.6752987992482126e-05
265.0 -5.579278335865885e-05
266.0 -5.489283572381296e-05
267.0 -5.4056808200511864e-05
268.0 -5.3286617868229844e-05
269.0 -5.2582297204397885e-05
270.0 -5.194199952925135e-05
271.0 -5.136213570741468e-05
272.0 -5.0837616417129926e-05
273.0 -5.036216625135075e-05
274.0 -4.992867322547798e-05
275.0 -4.9529539511293957e-05
276.0 -4.915700527634109e-05
277.0 -4.88034258692525e-05
278.0 -4.846149167316903e-05
279.0 -4.812438838173634e-05
280.0 -4.77859022687152e-05
281.0 -4.744047972531164e-05
282.0 -4.708325286233496e-05
283.0 -4.6710043563479835e-05
284.0 -4.631735744692552e-05
285.0 -4.590237719514389e-05
286.0 -4.5462962046774946e-05
287.0 -4.4997657225557115e-05
288.0 -4.450571395567029e-05
289.0 -4.398711769689734e-05
290.0 -4.344261954778801e-05
291.0 -4.2873763649292274e-05
292.0 -4.228290211939683e-05
293.0 -4.16731887620703e-05
294.0 -4.10485436351828e-05
295.0 -4.0413582509224125e-05
296.0 -3.977350813045585e-05
297.0 -3.913396370699098e-05
298.0 -3.8500852760568425e-05
299.0 -3.788013299344885e-05
