10.0 0.09514694235416148
11.0 0.07981952920921856
12.0 0.06749802235734143
13.0 0.057472858555733745
14.0 0.049231731612571605
15.0 0.04239728270422202
16.0 0.03668669811045353
17.0 0.03188401284074526
18.0 0.02782140269796727
19.0 0.024366880969400033
20.0 0.021415786313321403
21.0 0.018884394524320662
22.0 0.016705016024310876
23.0 0.01482233304983095
24.0 0.013190753970094575
25.0 0.011772504669909532
26.0 0.010536173125971628
27.0 0.0094555200904112
28.0 0.008508498499279519
29.0 0.007676481655574046
30.0 0.0069436732012763845
31.0 0.00629664034621523
32.0 0.0057239251097210946
33.0 0.005215719739795839
34.0 0.00476360589323401
35.0 0.00436034978029548
36.0 0.003999733916851444
37.0 0.0036764071874083354
38.0 0.003385750264499643
39.0 0.0031237653923041294
40.0 0.0028869934711705032
41.0 0.002672446867193387
42.0 0.0024775439473006216
43.0 0.002300044145726919
44.0 0.0021379934167628407
45.0 0.0019896861108911115
46.0 0.0018536375361753981
47.0 0.0017285572437786196
48.0 0.001613320073263882
49.0 0.0015069397611215784
50.0 0.001408549370572946
51.0 0.001317386808061165
52.0 0.0012327808386072409
53.0 0.0011541360175634963
54.0 0.0010809189659753595
55.0 0.0010126486339072293
56.0 0.0009488903616652392
57.0 0.0008892515560835524
58.0 0.0008333774757254437
59.0 0.0007809473644362407
60.0 0.0007316717301527087
61.0 0.000685290631679095
62.0 0.0006415718313458085
63.0 0.0006003078289617444
64.0 0.0005613119718825099
65.0 0.0005244149359751223
66.0 0.0004894629805944118
67.0 0.00045631849411745224
68.0 0.00042486221705946375
69.0 0.0003949959624286635
70.0 0.00036664488831067215
71.0 0.0003397590148469998
72.0 0.0003143141228022285
73.0 0.0002903121667214994
74.0 0.0002677811009040298
75.0 0.00024677392157761147
76.0 0.00022736688406645167
77.0 0.00020965702993821543
78.0 0.0001937590808443263
79.0 0.00017980142289170464
80.0 0.00016792060269771124
81.0 0.00015825377282559594
82.0 0.00015092889692289963
83.0 0.00014605304996906032
84.0 0.00014369959748913551
85.0 0.00014389532240555487
86.0 0.0001466087209719471
87.0 0.00015174073160443676
88.0 0.00015911904362210776
89.0 0.00016849680378870288
90.0 0.00017955603712812188
91.0 0.0001919155682526859
92.0 0.00020514282674676389
93.0 0.0002187687121217889
94.0 0.00023230463461955473
95.0 0.00024526084001786925
96.0 0.0002571651012104201
97.0 0.000267580813711891
98.0 0.00027612350884125697
99.0 0.0002824748433711112
100.0 0.00028639326062074896
101.0 0.00028772074091918895
102.0 0.0002863853455478092
103.0 0.00028239957308306556
104.0 0.0002758548515222913
105.0 0.00026691274835202397
106.0 0.0002557936695368297
107.0 0.00024276392617618656
108.0 0.00022812207245160096
109.0 0.00021218536342321073
110.0 0.00019527705464487957
111.0 0.0001777150861962374
112.0 0.00015980249277168472
113.0 0.00014181969607006533
114.0 0.0001240186955197406
115.0 0.00010661908834445296
116.0 8.98058081796592e-05
117.0 7.372844822622812e-05
118.0 5.850200775060353e-05
119.0 4.420886053439337e-05
120.0 3.0901696974629426e-05
121.0 1.860715284143175e-05
122.0 7.3298208247958525e-06
123.0 -2.943648321155306e-06
124.0 -1.2240612636759702e-05
125.0 -2.0598877937608112e-05
126.0 -2.806364870384094e-05
127.0 -3.468506081701132e-05
128.0 -4.051629562042943e-05
129.0 -4.561221028805209e-05
130.0 -5.0028369760995154e-05
131.0 -5.382033951141326e-05
132.0 -5.704310161835653e-05
133.0 -5.975048797627591e-05
134.0 -6.199457533641912e-05
135.0 -6.38250433269902e-05
136.0 -6.528854345476466e-05
137.0 -6.64281527534648e-05
138.0 -6.728298559314988e-05
139.0 -6.788801446380769e-05
140.0 -6.827411460351399e-05
141.0 -6.846830984797914e-05
142.0 -6.849416815774345e-05
143.0 -6.837228071244701e-05
144.0 -6.812075890790588e-05
145.0 -6.775569564063641e-05
146.0 -6.729155553322054e-05
147.0 -6.674147799231068e-05
148.0 -6.611749344334623e-05
149.0 -6.543066487006482e-05
150.0 -6.46911735063904e-05
151.0 -6.390836958773192e-05
152.0 -6.309080713791309e-05
153.0 -6.224627662089125e-05
154.0 -6.138184195695065e-05
155.0 -6.0503880408133265e-05
156.0 -5.96181171715203e-05
157.0 -5.872964326525571e-05
158.0 -5.784290692596283e-05
159.0 -5.696167541392868e-05
160.0 -5.6088974304408076e-05
161.0 -5.522702202303253e-05
162.0 -5.4377184928128926e-05
163.0 -5.3539979584255966e-05
164.0 -5.271514262346628e-05
165.0 -5.19017756525644e-05
166.0 -5.1098556074345287e-05
167.0 -5.030398876188699e-05
168.0 -4.951666256132126e-05
169.0 -4.8735472626672106e-05
170.0 -4.795977549589726e-05
171.0 -4.7189457144535597e-05
172.0 -4.642491166268283e-05
173.0 -4.56669454206149e-05
174.0 -4.491663455773966e-05
175.0 -4.4175169528997275e-05
176.0 -4.3443718347472235e-05
177.0 -4.2723331182657135e-05
178.0 -4.201489585967443e-05
179.0 -4.1319140138622713e-05
180.0 -4.0636665852000424e-05
181.0 -3.996799439996776e-05
182.0 -3.931360350375268e-05
183.0 -3.867394060997383e-05
184.0 -3.804940683490125e-05
185.0 -3.744031428657868e-05
186.0 -3.68468267612674e-05
187.0 -3.626889778638964e-05
188.0 -3.5706220418696675e-05
189.0 -3.515820061738584e-05
190.0 -3.462396141595217e-05
191.0 -3.410237964753454e-05
192.0 -3.359215162711592e-05
193.0 -3.309187971633259e-05
194.0 -3.2600168641220556e-05
195.0 -3.2115719191180046e-05
196.0 -3.163740771797268e-05
197.0 -3.116434263801636e-05
198.0 -3.069589351030479e-05
199.0 -3.0231693399845214e-05
200.0 -2.9771620019973816e-05
201.0 -2.9315764406425178e-05
202.0 -2.8864396734420893e-05
203.0 -2.841793707243121e-05
204.0 -2.797693485252479e-05
205.0 -2.7542055784015274e-05
206.0 -2.7114070374770805e-05
207.0 -2.669383561829927e-05
208.0 -2.6282261708209195e-05
209.0 -2.588025899294723e-05
210.0 -2.548866602811056e-05
211.0 -2.5108166058741987e-05
212.0 -2.4739204785051853e-05
213.0 -2.438192520711849e-05
214.0 -2.4036134680764203e-05
215.0 -2.3701314901183304e-05
216.0 -2.3376678145939317e-05
217.0 -2.3061264282781625e-05
218.0 -2.2754064687648463e-05
219.0 -2.2454153163693793e-05
220.0 -2.216080155846232e-05
221.0 -2.1873559621233406e-05
222.0 -2.1592284422596013e-05
223.0 -2.1317113272687548e-05
224.0 -2.104838387655459e-05
225.0 -2.078651460755668e-05
226.0 -2.0531864582962807e-05
227.0 -2.0284596494596522e-05
228.0 -2.0044564380297566e-05
229.0 -1.9811243982389956e-05
230.0 -1.9583715977051737e-05
231.0 -1.936070360815636e-05
232.0 -1.914065774549061e-05
233.0 -1.892187560667161e-05
234.0 -1.870263541315708e-05
235.0 -1.8481328560942574e-05
236.0 -1.8256573272424837e-05
237.0 -1.8027298369396636e-05
238.0 -1.7792791608388074e-05
239.0 -1.755271269960204e-05
240.0 -1.7307075639312263e-05
241.0 -1.705620768801453e-05
242.0 -1.6800693102137978e-05
243.0 -1.6541308929530062e-05
244.0 -1.6278958477960183e-05
245.0 -1.6014606223876175e-05
246.0 -1.5749216572748096e-05
247.0 -1.5483698342509163e-05
248.0 -1.5218857086999164e-05
249.0 -1.4955358064785289e-05
250.0 -1.4693703272335976e-05
251.0 -1.443422598360886e-05
252.0 -1.4177105323219569e-05
253.0 -1.3922401477831635e-05
254.0 -1.3670109455421905e-05
255.0 -1.3420226318430868e-05
256.0 -1.3172824157701178e-05
257.0 -1.2928119334248321e-05
258.0 -1.2686528132815e-05
259.0 -1.2448700126568005e-05
260.0 -1.2215523133437415e-05
261.0 -1.1988097268412384e-05
262.0 -1.1767679687996413e-05
263.0 -1.1555605528352434e-05
264.0 -1.1353193645449064e-05
265.0 -1.1161647612026409e-05
266.0 -1.0981962775120106e-05
267.0 -1.0814849046325561e-05
268.0 -1.0660676738465047e-05
269.0 -1.0519449607529249e-05
270.0 -1.0390805830537578e-05
271.0 -1.0274044466093043e-05
272.0 -1.0168172432425155e-05
273.0 -1.007196547122571e-05
274.0 -9.984036037065699e-06
275.0 -9.902901480591613e-06
276.0 -9.827047062815797e-06
277.0 -9.754979954794527e-06
278.0 -9.685272135532356e-06
279.0 -9.616591735514137e-06
280.0 -9.54772369622798e-06
281.0 -9.477581530550129e-06
282.0 -9.405212461559328e-06
283.0 -9.329798335532887e-06
284.0 -9.250654528710144e-06
285.0 -9.167228683824604e-06
286.0 -9.079100598605398e-06
287.0 -8.985984005505675e-06
288.0 -8.887730377439562e-06
289.0 -8.784334310232664e-06
290.0 -8.67593951169625e-06
291.0 -8.562844016098194e-06
292.0 -8.445502988830231e-06
293.0 -8.324527428392761e-06
294.0 -8.200677233735833e-06
295.0 -8.074847480310527e-06
296.0 -7.948047304937732e-06
297.0 -7.821371477546493e-06
298.0 -7.69596545884924e-06
299.0 -7.572985422428364e-06
