10.0 0.07534012740697865
11.0 0.06199905800679512
12.0 0.051411035373940435
13.0 0.04291239409737279
14.0 0.036025723657023605
15.0 0.030400802819974482
16.0 0.02577627416186212
17.0 0.0219531995448139
18.0 0.018777330486667018
19.0 0.016127702282515175
20.0 0.013908813326521802
21.0 0.012044672718221907
22.0 0.010474167928528746
23.0 0.009147605447393861
24.0 0.008024249397202839
25.0 0.007070578273567675
26.0 0.006258956856022181
27.0 0.005566529521357331
28.0 0.004974293121113545
29.0 0.0044663699598730565
30.0 0.004029460708549684
31.0 0.003652414009002918
32.0 0.003325864340274263
33.0 0.003041927381326654
34.0 0.002793957157442654
35.0 0.00257635864090781
36.0 0.002384434245881288
37.0 0.002214243670964764
38.0 0.0020624754606600303
39.0 0.0019263431064453114
40.0 0.0018035103261813913
41.0 0.0016920317165061813
42.0 0.0015902920017922381
43.0 0.0014969431985084336
44.0 0.0014108526510944713
45.0 0.0013310697842192098
46.0 0.0012568045039096764
47.0 0.0011874049667803311
48.0 0.0011223313171464051
49.0 0.0010611316888738812
50.0 0.0010034259379964497
51.0 0.000948894966659566
52.0 0.0008972699453224187
53.0 0.0008483195647249735
54.0 0.0008018384719421467
55.0 0.0007576402558213631
56.0 0.000715554744852072
57.0 0.0006754268855113416
58.0 0.0006371153480400657
59.0 0.0006004912093469527
60.0 0.0005654377485654683
61.0 0.0005318512011088681
62.0 0.0004996410547674933
63.0 0.0004687286801097912
64.0 0.0004390445730597261
65.0 0.0004105258559974224
66.0 0.0003831157948182184
67.0 0.0003567659539626695
68.0 0.00033144018569437357
69.0 0.00030711894588227924
70.0 0.0002838027402533929
71.0 0.00026151432032136916
72.0 0.0002402998186583704
73.0 0.00022022902054625275
74.0 0.0002013946937098398
75.0 0.00018391080617013195
76.0 0.00016790968787594224
77.0 0.00015353843933415518
78.0 0.00014095480907852552
79.0 0.00013032234876459461
80.0 0.00012180426520837614
81.0 0.00011555538164079258
82.0 0.00011171203772241812
83.0 0.00011038034302643619
84.0 0.00011162366982005985
85.0 0.00011545053054657246
86.0 0.00012180408782720147
87.0 0.00013055453175378766
88.0 0.00014149538175651317
89.0 0.000154344370367913
90.0 0.00016874899750612116
91.0 0.00018429628314079114
92.0 0.00020052587845965296
93.0 0.00021694558756826685
94.0 0.00023304842499976986
95.0 0.0002483304465097722
96.0 0.00026230864054363663
97.0 0.00027453814259328034
98.0 0.00028462798566185034
99.0 0.00029225458988695616
100.0 0.0002971722618756247
101.0 0.0002992201282519622
102.0 0.00029832515486006184
103.0 0.00029450117506592494
104.0 0.0002878441316073535
105.0 0.0002785239908753325
106.0 0.0002667739899241585
107.0 0.00025287801030212607
108.0 0.00023715693200920197
109.0 0.0002199548018333314
110.0 0.0002016255548257346
111.0 0.00018252087060050231
112.0 0.00016297955905741115
113.0 0.00014331869381580515
114.0 0.00012382657945439956
115.0 0.00010475756128316567
116.0 8.63286488399415e-05
117.0 6.871789719895132e-05
118.0 5.206444787920223e-05
119.0 3.6470065490402755e-05
120.0 2.2001928458144563e-05
121.0 8.69636376070942e-06
122.0 -3.436824204898722e-06
123.0 -1.4409783186194477e-05
124.0 -2.4252121807088868e-05
125.0 -3.300676056460031e-05
126.0 -4.072631376005644e-05
127.0 -4.7470106955914683e-05
128.0 -5.330184752318861e-05
129.0 -5.8287884735298044e-05
130.0 -6.249593226276455e-05
131.0 -6.59940915238319e-05
132.0 -6.88500163489635e-05
133.0 -7.113009658345799e-05
134.0 -7.289859988629876e-05
135.0 -7.421677956117436e-05
136.0 -7.514201279388025e-05
137.0 -7.572706369085585e-05
138.0 -7.601956335388984e-05
139.0 -7.606176913321128e-05
140.0 -7.589061897973197e-05
141.0 -7.553804919358499e-05
142.0 -7.503150751340169e-05
143.0 -7.439457555555648e-05
144.0 -7.364761576851358e-05
145.0 -7.28083738748082e-05
146.0 -7.189249134560008e-05
147.0 -7.091390711732337e-05
148.0 -6.98851487691852e-05
149.0 -6.881752837746097e-05
150.0 -6.772126677956335e-05
151.0 -6.660557256416758e-05
152.0 -6.547869963252048e-05
153.0 -6.434800065577932e-05
154.0 -6.321998450897981e-05
155.0 -6.210037571789753e-05
156.0 -6.0994165623559246e-05
157.0 -5.9905640963057434e-05
158.0 -5.883837771955484e-05
159.0 -5.779519657726791e-05
160.0 -5.6778089163905166e-05
161.0 -5.5788137673108125e-05
162.0 -5.482545986253813e-05
163.0 -5.388921297895634e-05
164.0 -5.297768216196498e-05
165.0 -5.2088462495578856e-05
166.0 -5.12187229686528e-05
167.0 -5.036552061421646e-05
168.0 -4.952611943062456e-05
169.0 -4.869826512068697e-05
170.0 -4.788037428761413e-05
171.0 -4.707161362058938e-05
172.0 -4.6271866551137925e-05
173.0 -4.548160647583135e-05
174.0 -4.470171182330719e-05
175.0 -4.393326547887591e-05
176.0 -4.317737825007596e-05
177.0 -4.2435064605893636e-05
178.0 -4.170718234683941e-05
179.0 -4.0994430688081194e-05
180.0 -4.029738775774056e-05
181.0 -3.9616561668360843e-05
182.0 -3.895243002272342e-05
183.0 -3.8305449806544686e-05
184.0 -3.767603043581859e-05
185.0 -3.706447403313987e-05
186.0 -3.647089597761576e-05
187.0 -3.58951436660886e-05
188.0 -3.533673181340615e-05
189.0 -3.479480918058219e-05
190.0 -3.4268165660511226e-05
191.0 -3.375528162047121e-05
192.0 -3.325441456105961e-05
193.0 -3.276371246207355e-05
194.0 -3.228133933896741e-05
195.0 -3.180559701668431e-05
196.0 -3.133502820735797e-05
197.0 -3.086848959216785e-05
198.0 -3.040518922461319e-05
199.0 -2.994468914948376e-05
200.0 -2.948688024318378e-05
201.0 -2.9031940446728522e-05
202.0 -2.858028867779426e-05
203.0 -2.8132544431737554e-05
204.0 -2.7689498026517235e-05
205.0 -2.7252090078211806e-05
206.0 -2.682139304542073e-05
207.0 -2.639858439825578e-05
208.0 -2.598490134798318e-05
209.0 -2.5581571283151645e-05
210.0 -2.518971913948962e-05
211.0 -2.4810261037722767e-05
212.0 -2.444380040919568e-05
213.0 -2.4090546454611024e-05
214.0 -2.3750273866062462e-05
215.0 -2.3422337116688867e-05
216.0 -2.310574328538487e-05
217.0 -2.2799276269285463e-05
218.0 -2.25016547476882e-05
219.0 -2.221169870759559e-05
220.0 -2.1928476416084203e-05
221.0 -2.165140613790368e-05
222.0 -2.1380294247025913e-05
223.0 -2.111530226660377e-05
224.0 -2.085684771013614e-05
225.0 -2.060545506058853e-05
226.0 -2.036158170631108e-05
227.0 -2.012544766253997e-05
228.0 -1.9896896833143194e-05
229.0 -1.9675311760862755e-05
230.0 -1.9459594489296618e-05
231.0 -1.9248215134508877e-05
232.0 -1.9039319088366764e-05
233.0 -1.883087532909624e-05
234.0 -1.862084344302229e-05
235.0 -1.840733623577168e-05
236.0 -1.818875795498357e-05
237.0 -1.7963904148207998e-05
238.0 -1.7732016563631325e-05
239.0 -1.7492793686218762e-05
240.0 -1.7246363163955086e-05
241.0 -1.6993225724267516e-05
242.0 -1.6734181067998983e-05
243.0 -1.6470245116330692e-05
244.0 -1.620256573181617e-05
245.0 -1.593234160973309e-05
246.0 -1.5660747238625315e-05
247.0 -1.5388866079469615e-05
248.0 -1.5117634374308276e-05
249.0 -1.4847798836007289e-05
250.0 -1.4579892237156273e-05
251.0 -1.431423095666958e-05
252.0 -1.4050937417904427e-05
253.0 -1.3789987972526155e-05
254.0 -1.3531283443900839e-05
255.0 -1.3274735848787236e-05
256.0 -1.3020361534713719e-05
257.0 -1.2768368846424593e-05
258.0 -1.2519228013264485e-05
259.0 -1.2273712453276402e-05
260.0 -1.2032903972012245e-05
261.0 -1.1798158908843796e-05
262.0 -1.1571037426229728e-05
263.0 -1.1353203025166155e-05
264.0 -1.1146303236366948e-05
265.0 -1.0951844706163614e-05
266.0 -1.0771076277097227e-05
267.0 -1.0604892184544382e-05
268.0 -1.0453764478124037e-05
269.0 -1.0317709777153577e-05
270.0 -1.019629114371712e-05
271.0 -1.008865185694206e-05
272.0 -9.993574733673304e-06
273.0 -9.909558704187301e-06
274.0 -9.834903728020276e-06
275.0 -9.767795716708996e-06
276.0 -9.706384640024438e-06
277.0 -9.648851057428864e-06
278.0 -9.593458548937083e-06
279.0 -9.538591584163283e-06
280.0 -9.48278002950509e-06
281.0 -9.424712630972392e-06
282.0 -9.363242409798653e-06
283.0 -9.297387032020567e-06
284.0 -9.226326965325338e-06
285.0 -9.149403728532046e-06
286.0 -9.06611987022156e-06
287.0 -8.976141561610272e-06
288.0 -8.879303915633625e-06
289.0 -8.775618402565441e-06
290.0 -8.665281076309138e-06
291.0 -8.548679812703645e-06
292.0 -8.426398450708012e-06
293.0 -8.29921566732489e-06
294.0 -8.168096634248994e-06
295.0 -8.034175991769341e-06
296.0 -7.898731390444046e-06
297.0 -7.763147716519548e-06
298.0 -7.6288730336529275e-06
299.0 -7.497368134163893e-06
