10.0 0.4468327969166468
11.0 0.3732856720896193
12.0 0.314354310925448
13.0 0.2665691872584916
14.0 0.2274278939845632
15.0 0.19508933774637302
16.0 0.16817527799825804
17.0 0.1456339464575238
18.0 0.12664821858930178
19.0 0.11057573073461922
20.0 0.09690758772965133
21.0 0.08523721449775029
22.0 0.07523633060501878
23.0 0.0666370019931798
24.0 0.059218741417334984
25.0 0.05279925333075807
26.0 0.04722736706571354
27.0 0.04237721331850846
28.0 0.03814339082987729
29.0 0.034437164924093745
30.0 0.03118357594972848
31.0 0.028319155109017308
32.0 0.025790015000796505
33.0 0.023550251559586694
34.0 0.021560664046047933
35.0 0.019787756261213825
36.0 0.018202917243334744
37.0 0.016781685216028172
38.0 0.015503082492725678
39.0 0.014349073675224519
40.0 0.013304164814366954
41.0 0.012355080932412702
42.0 0.011490446341282896
43.0 0.010700462864490678
44.0 0.009976641352397737
45.0 0.009311620080445266
46.0 0.008699038524756383
47.0 0.008133412069464777
48.0 0.007609992025947265
49.0 0.007124637985265899
50.0 0.0066737261484213165
51.0 0.006254084090375613
52.0 0.005862926806505313
53.0 0.0054977855903418655
54.0 0.005156443343053118
55.0 0.004836890948989672
56.0 0.004537303636596487
57.0 0.004256025300784852
58.0 0.003991552574199698
59.0 0.0037425200773080268
60.0 0.003507691307507331
61.0 0.0032859544379521353
62.0 0.0030763167631628796
63.0 0.0028778924266821084
64.0 0.0026898845746372723
65.0 0.0025115691046919356
66.0 0.0023422877153091615
67.0 0.002181453028854769
68.0 0.0020285623361744466
69.0 0.0018832134241806864
70.0 0.00174511730208117
71.0 0.0016141062024620945
72.0 0.0014901377205677622
73.0 0.0013732959624691333
74.0 0.0012637893171141069
75.0 0.0011619439895301105
76.0 0.0010681933268454006
77.0 0.0009830639555772202
78.0 0.0009071593048162944
79.0 0.0008411392175300472
80.0 0.0007856926240217341
81.0 0.0007415002585092408
82.0 0.0007091863406470982
83.0 0.0006892608984300668
84.0 0.0006820567279929839
85.0 0.0006876664116011475
86.0 0.0007058855446561568
87.0 0.0007361684936462507
88.0 0.0007776023634840215
89.0 0.0008289031086286778
90.0 0.0008884350982614848
91.0 0.00095425272274737
92.0 0.0010241606480681697
93.0 0.0010957884284556203
94.0 0.0011666750914888554
95.0 0.0012343594491894695
96.0 0.001296471867041277
97.0 0.0013508230136590905
98.0 0.0013954849493575756
99.0 0.001428860052956752
100.0 0.0014497338711425977
101.0 0.0014573089980661842
102.0 0.0014512184471626604
103.0 0.001431518494642732
104.0 0.00139866246094662
105.0 0.0013534581745801415
106.0 0.0012970128091209564
107.0 0.0012306693416078436
108.0 0.0011559390361556056
109.0 0.001074434118555886
110.0 0.0009878042101621664
111.0 0.000897679221965021
112.0 0.0008056204303802999
113.0 0.0007130805569436012
114.0 0.0006213730076971448
115.0 0.0005316500422855155
116.0 0.00044488946797049527
117.0 0.00036188935376353697
118.0 0.0002832701133606724
119.0 0.0002094830675921888
120.0 0.0001408243086303413
121.0 7.745243734099194e-05
122.0 1.9408612060742215e-05
123.0 -3.336263276723143e-05
124.0 -8.099317810750412e-05
125.0 -0.00012367283615817746
126.0 -0.00016163337259250942
127.0 -0.00019513544849720837
128.0 -0.00022445851727613376
129.0 -0.00024989336183510463
130.0 -0.0002717366849949335
131.0 -0.0002902870216719741
132.0 -0.00030584125598970144
133.0 -0.00031869119454468853
134.0 -0.0003291199217002716
135.0 -0.0003373979673169437
136.0 -0.0003437795686120816
137.0 -0.0003484994423931097
138.0 -0.0003517704768060266
139.0 -0.00035378262146934254
140.0 -0.00035470305306871934
141.0 -0.00035467748471820537
142.0 -0.0003538323273135112
143.0 -0.000352277331246469
144.0 -0.00035010834042996185
145.0 -0.0003474098583900936
146.0 -0.0003442572282275828
147.0 -0.0003407183354004416
148.0 -0.0003368548337595532
149.0 -0.000332722960717297
150.0 -0.00032837404472369175
151.0 -0.0003238548196705789
152.0 -0.00031920765020757995
153.0 -0.00031447074356445574
154.0 -0.00030967838308544447
155.0 -0.0003048611746937384
156.0 -0.00030004626093000817
157.0 -0.00029525743952365304
158.0 -0.0002905151327483509
159.0 -0.0002858361908797431
160.0 -0.00028123356935162876
161.0 -0.00027671597806910555
162.0 -0.00027228764274508
163.0 -0.00026794832520537153
164.0 -0.0002636937148030187
165.0 -0.00025951623145897986
166.0 -0.0002554061892527571
167.0 -0.000251353181757677
168.0 -0.000247347490172999
169.0 -0.00024338129936588734
170.0 -0.00023944953997220766
171.0 -0.00023555024856857133
172.0 -0.00023168443410722574
173.0 -0.00022785553369920406
174.0 -0.0002240686120651414
175.0 -0.00022032949107126187
176.0 -0.00021664398373940524
177.0 -0.0002130173572067577
178.0 -0.00020945407656833634
179.0 -0.00020595780616964397
180.0 -0.00020253158556490143
181.0 -0.00019917806696309273
182.0 -0.0001958997036238877
183.0 -0.00019269880934516892
184.0 -0.00018957745630106658
185.0 -0.00018653722792411683
186.0 -0.00018357888289882582
187.0 -0.00018070200799811834
188.0 -0.00017790473953959446
189.0 -0.000175183618563956
190.0 -0.00017253361912149596
191.0 -0.00016994835859413614
192.0 -0.00016742046927300286
193.0 -0.00016494208563699915
194.0 -0.00016250538495876703
195.0 -0.00016010311214401023
196.0 -0.00015772902427395067
197.0 -0.00015537820592374728
198.0 -0.00015304723067980822
199.0 -0.00015073417284060874
200.0 -0.00014843849984147822
201.0 -0.00014616089402836184
202.0 -0.00014390305718397397
203.0 -0.00014166754118300542
204.0 -0.00013945762599339493
205.0 -0.00013727723835255828
206.0 -0.00013513087928791
207.0 -0.00013302351430302534
208.0 -0.00013096038176128324
209.0 -0.0001289466935049872
210.0 -0.00012698723286097173
211.0 -0.00012508589081786748
212.0 -0.00012324521146697703
213.0 -0.00012146603382934997
214.0 -0.00011974731331461357
215.0 -0.00011808618150270147
216.0 -0.00011647826206676741
217.0 -0.00011491821192325714
218.0 -0.00011340041063588733
219.0 -0.00011191968785092479
220.0 -0.00011047196554723794
221.0 -0.00010905470228971724
222.0 -0.00010766705875627559
223.0 -0.00010630975145227596
224.0 -0.00010498461562071357
225.0 -0.00010369394870490885
226.0 -0.00010243974307187694
227.0 -0.00010122293449886941
228.0 -0.00010004278844352057
229.0 -9.889652086138375e-05
230.0 -9.777920958675253e-05
231.0 -9.668400399759616e-05
232.0 -9.560259381685807e-05
233.0 -9.452586070488267e-05
234.0 -9.344461469224e-05
235.0 -9.235031402474293e-05
236.0 -9.123568047242334e-05
237.0 -9.009514819870081e-05
238.0 -8.89251164618128e-05
239.0 -8.772400781901295e-05
240.0 -8.649215833049695e-05
241.0 -8.523158102799889e-05
242.0 -8.39456479834433e-05
243.0 -8.263873166993876e-05
244.0 -8.131583667680159e-05
245.0 -7.998224245270081e-05
246.0 -7.864317008280162e-05
247.0 -7.730348298428976e-05
248.0 -7.596743265987232e-05
249.0 -7.463846438900044e-05
250.0 -7.331910109922253e-05
251.0 -7.201092379668656e-05
252.0 -7.071466192669691e-05
253.0 -6.943039649791289e-05
254.0 -6.815786403424914e-05
255.0 -6.689683308333173e-05
256.0 -6.564751048628584e-05
257.0 -6.441092517118852e-05
258.0 -6.31892352715233e-05
259.0 -6.19859108782531e-05
260.0 -6.080575907246208e-05
261.0 -5.96547779298922e-05
262.0 -5.853984876278642e-05
263.0 -5.746829735732287e-05
264.0 -5.644737200792976e-05
265.0 -5.548369620903712e-05
266.0 -5.4582755648668204e-05
267.0 -5.374847276981374e-05
268.0 -5.298290904059995e-05
269.0 -5.2286117592395227e-05
270.0 -5.165614993811957e-05
271.0 -5.108920292915241e-05
272.0 -5.057987830192564e-05
273.0 -5.012151860420071e-05
274.0 -4.970658047337927e-05
275.0 -4.932700870382798e-05
276.0 -4.897458108159962e-05
277.0 -4.86412029573933e-05
278.0 -4.831914027607567e-05
279.0 -4.8001188816415645e-05
280.0 -4.7680784684285225e-05
281.0 -4.735206611641696e-05
282.0 -4.700989932228964e-05
283.0 -4.664988168651856e-05
284.0 -4.6268334621970945e-05
285.0 -4.586229618998219e-05
286.0 -4.542952071884426e-05
287.0 -4.496848939535693e-05
288.0 -4.4478432441355745e-05
289.0 -4.395936024999048e-05
290.0 -4.341209798168281e-05
291.0 -4.283831586209666e-05
292.0 -4.2240546044310444e-05
293.0 -4.1622176608170466e-05
294.0 -4.098741419138892e-05
295.0 -4.0341208852869554e-05
296.0 -3.9689137873673686e-05
297.0 -3.903724896977502e-05
298.0 -3.839186738982175e-05
299.0 -3.775937513207524e-05
