10.0 0.18946817531984927
11.0 0.1560923359404655
12.0 0.12959377342951917
13.0 0.10831558782250633
14.0 0.09106582959006436
15.0 0.0769700770136464
16.0 0.06537570657488813
17.0 0.05578580198138996
18.0 0.047814891752971954
19.0 0.041160539356007136
20.0 0.03558388011767618
21.0 0.030894789677131183
22.0 0.026940328851574998
23.0 0.023596114129567528
24.0 0.02076018177379923
25.0 0.01834864283180109
26.0 0.016292366819627847
27.0 0.014534209541313674
28.0 0.013026685701430814
29.0 0.0117301430673324
30.0 0.010611389049068783
31.0 0.009642610003366733
32.0 0.00880046121364294
33.0 0.008065301216829402
34.0 0.007420582015378898
35.0 0.006852379273688432
36.0 0.006349007688774478
37.0 0.005900669414880693
38.0 0.005499131701584155
39.0 0.005137466605672203
40.0 0.004809864581949673
41.0 0.0045114867015774406
42.0 0.004238312809551377
43.0 0.0039869840734198
44.0 0.003754673075840465
45.0 0.003539001420492611
46.0 0.0033379867457557296
47.0 0.003149987830846597
48.0 0.0029736392159963997
49.0 0.0028077914784900137
50.0 0.002651471112617625
51.0 0.0025038545243811373
52.0 0.0023642416156997126
53.0 0.0022320242285161027
54.0 0.0021066575304199125
55.0 0.001987642928259854
56.0 0.0018745218849893475
57.0 0.0017668736589389808
58.0 0.0016643122477366672
59.0 0.00156648344630052
60.0 0.001473064669295598
61.0 0.001383767143043026
62.0 0.0012983368512730128
63.0 0.0012165511588014728
64.0 0.0011382118313113736
65.0 0.0010631386552900721
66.0 0.0009911681344647381
67.0 0.0009221588347961442
68.0 0.0008560013156036825
69.0 0.0007926288014360237
70.0 0.0007320255620039241
71.0 0.0006742320624612974
72.0 0.0006193474114452123
73.0 0.0005675296584559725
74.0 0.0005189937925560305
75.0 0.0004740070603479257
76.0 0.00043288179077952653
77.0 0.000395966531535401
78.0 0.0003636360720278505
79.0 0.00033627984813528855
80.0 0.00031428720488932844
81.0 0.00029802795413063905
82.0 0.00028782771330366385
83.0 0.0002839389960180986
84.0 0.00028651022698136054
85.0 0.0002955555257893153
86.0 0.00031092838411818553
87.0 0.00033230235269990485
88.0 0.00035916142896320706
89.0 0.00039080184117912546
90.0 0.000426345494431851
91.0 0.0004647639267633458
92.0 0.0005049106919799905
93.0 0.0005455598093186256
94.0 0.0005854481011619351
95.0 0.0006233195176135844
96.0 0.0006579696656968223
97.0 0.0006882886910200656
98.0 0.0007133005327615183
99.0 0.0007321965479843559
100.0 0.0007443616757279115
101.0 0.0007493917048791713
102.0 0.0007471007859055022
103.0 0.0007375190124659985
104.0 0.0007208806025978115
105.0 0.0006976038410040922
106.0 0.0006682644386662
107.0 0.0006335642890450796
108.0 0.0005942977364414733
109.0 0.0005513174143624565
110.0 0.0005055014659106433
111.0 0.0004577235623881055
112.0 0.00040882667026749314
113.0 0.00035960108287958094
114.0 0.00031076691450275317
115.0 0.0002629610759794077
116.0 0.00021672867214251264
117.0 0.00017251870558408273
118.0 0.00013068387238804956
119.0 9.148407241820527e-05
120.0 5.50930586145495e-05
121.0 2.1607472237140253e-05
122.0 -8.942595938134938e-06
123.0 -3.658239207026012e-05
124.0 -6.138143309969241e-05
125.0 -8.34432478406249e-05
126.0 -0.00010289640173600354
127.0 -0.00011988707256641747
128.0 -0.00013457322652775676
129.0 -0.00014712024008562796
130.0 -0.00015769765256605527
131.0 -0.00016647664755816173
132.0 -0.00017362786642826804
133.0 -0.00017931925156478405
134.0 -0.00018371377322532676
135.0 -0.0001869670674495232
136.0 -0.00018922515512659557
137.0 -0.0001906224871735877
138.0 -0.00019128055359878807
139.0 -0.00019130721597951177
140.0 -0.00019079680380263905
141.0 -0.0001898308928270181
142.0 -0.00018847959045375294
143.0 -0.00018680310720586645
144.0 -0.00018485339645039642
145.0 -0.00018267568502163047
146.0 -0.00018030977777591748
147.0 -0.00017779108225056677
148.0 -0.00017515135337513906
149.0 -0.00017241919657588628
150.0 -0.00016962038943460578
151.0 -0.00016677808871465603
152.0 -0.00016391298330084404
153.0 -0.0001610434369890501
154.0 -0.00015818564149534475
155.0 -0.00015535377445119756
156.0 -0.0001525601359315743
157.0 -0.00014981522689678066
158.0 -0.00014712773849588265
159.0 -0.0001445044428976836
160.0 -0.00014195000915414167
161.0 -0.0001394668018466136
162.0 -0.00013705474424505893
163.0 -0.0001347113316261057
164.0 -0.00013243185990338815
165.0 -0.00013020989283830096
166.0 -0.0001280379376897142
167.0 -0.00012590824813628072
168.0 -0.00012381363846969114
169.0 -0.00012174818404211727
170.0 -0.00011970770246478602
171.0 -0.000117689953277923
172.0 -0.0001156945499067799
173.0 -0.00011372263291465651
174.0 -0.00011177639484541794
175.0 -0.00010985856535096115
176.0 -0.00010797195798782577
177.0 -0.00010611915075148908
178.0 -0.00010430233004126304
179.0 -0.00010252328387840976
180.0 -0.00010078349580032602
181.0 -9.908427342468971e-05
182.0 -9.74268475303176e-05
183.0 -9.581239565933179e-05
184.0 -9.424197189101185e-05
185.0 -9.271635331019649e-05
186.0 -9.123583657260741e-05
187.0 -8.980003041786968e-05
188.0 -8.840769092129126e-05
189.0 -8.705663744025253e-05
190.0 -8.574377195067033e-05
191.0 -8.446520648890952e-05
192.0 -8.321648593927429e-05
193.0 -8.199287888620372e-05
194.0 -8.078969944729963e-05
195.0 -7.960261915999419e-05
196.0 -7.842793078703042e-05
197.0 -7.726273516954481e-05
198.0 -7.610503663095064e-05
199.0 -7.49537492521292e-05
200.0 -7.380863195581084e-05
201.0 -7.267018097605603e-05
202.0 -7.153951112885842e-05
203.0 -7.041825147641019e-05
204.0 -6.930846806157501e-05
205.0 -6.821261012699746e-05
206.0 -6.713346156357575e-05
207.0 -6.6074070968316e-05
208.0 -6.503763468422414e-05
209.0 -6.402731796315915e-05
210.0 -6.304601748375506e-05
211.0 -6.20960891507603e-05
212.0 -6.117908266096968e-05
213.0 -6.0295533539629555e-05
214.0 -5.9444860966948575e-05
215.0 -5.862540530149675e-05
216.0 -5.78346153277836e-05
217.0 -5.706936685315344e-05
218.0 -5.632636749556961e-05
219.0 -5.560258323668998e-05
220.0 -5.489561488183405e-05
221.0 -5.42039587740717e-05
222.0 -5.3527104920132516e-05
223.0 -5.286545351317478e-05
224.0 -5.2220062356975016e-05
225.0 -5.159226696343107e-05
226.0 -5.098323673075437e-05
227.0 -5.039354081337255e-05
228.0 -4.982279451181416e-05
229.0 -4.926944214879104e-05
230.0 -4.873070856341636e-05
231.0 -4.820272319732478e-05
232.0 -4.7680793500866106e-05
233.0 -4.7159782852291564e-05
234.0 -4.663453578952328e-05
235.0 -4.610029155261618e-05
236.0 -4.555303501136913e-05
237.0 -4.4989749416127705e-05
238.0 -4.440855428752114e-05
239.0 -4.380873011247318e-05
240.0 -4.3190645959744514e-05
241.0 -4.25556146450647e-05
242.0 -4.190570230768305e-05
243.0 -4.1243516384249954e-05
244.0 -4.057199017547323e-05
245.0 -3.9894175979991695e-05
246.0 -3.921305415819771e-05
247.0 -3.853136355901839e-05
248.0 -3.7851459398824036e-05
249.0 -3.717520682025875e-05
250.0 -3.650392030899512e-05
251.0 -3.583835924473072e-05
252.0 -3.5178786987768045e-05
253.0 -3.452509482710344e-05
254.0 -3.387698359246034e-05
255.0 -3.3234186310538016e-05
256.0 -3.259670692663422e-05
257.0 -3.1965044714790684e-05
258.0 -3.1340372952199344e-05
259.0 -3.0724644302721025e-05
260.0 -3.0120603760682552e-05
261.0 -2.9531701705909245e-05
262.0 -2.8961912761303232e-05
263.0 -2.8415478623202654e-05
264.0 -2.7896602895387543e-05
265.0 -2.7409131732580652e-05
266.0 -2.6956255047190098e-05
267.0 -2.6540259231215724e-05
268.0 -2.6162354628911524e-05
269.0 -2.5822590765039e-05
270.0 -2.551986127738023e-05
271.0 -2.5251990286206088e-05
272.0 -2.5015883925311015e-05
273.0 -2.480772582640437e-05
274.0 -2.462319377250825e-05
275.0 -2.4457676238933275e-05
276.0 -2.4306471412004404e-05
277.0 -2.4164956562315808e-05
278.0 -2.4028721358693208e-05
279.0 -2.38936639849407e-05
280.0 -2.3756053162503453e-05
281.0 -2.361256208226832e-05
282.0 -2.3460281772390677e-05
283.0 -2.329672173666832e-05
284.0 -2.3119805055362574e-05
285.0 -2.2927863834132947e-05
286.0 -2.2719639170727553e-05
287.0 -2.2494287883809522e-05
288.0 -2.225139626948967e-05
289.0 -2.1990999254760616e-05
290.0 -2.1713601640895578e-05
291.0 -2.1420196821864127e-05
292.0 -2.111227757315433e-05
293.0 -2.0791833357731697e-05
294.0 -2.0461329155819645e-05
295.0 -2.0123662076082032e-05
296.0 -1.978209383730876e-05
297.0 -1.9440159424725646e-05
298.0 -1.9101554569432025e-05
299.0 -1.8770006899531322e-05
