10.0 0.510546570099734
11.0 0.43094293057653926
12.0 0.3666607514019315
13.0 0.3141125571020409
14.0 0.2707045431479651
15.0 0.2345231946675485
16.0 0.2041320502363421
17.0 0.17843268243376456
18.0 0.15657058559925704
19.0 0.13787284745901254
20.0 0.12180490381239167
21.0 0.10793823074902499
22.0 0.09592566597810506
23.0 0.08548296697981622
24.0 0.0763754194312926
25.0 0.06840811123358229
26.0 0.06141850574531772
27.0 0.05527040556990159
28.0 0.04984899910357411
29.0 0.045056955276034726
30.0 0.040811421244195
31.0 0.03704164214059174
32.0 0.033686985136377336
33.0 0.030695294128509874
34.0 0.02802156447612918
35.0 0.025626896286070875
36.0 0.023477634178220262
37.0 0.021544606978253972
38.0 0.01980245037485184
39.0 0.018229050208713713
40.0 0.0168051176725959
41.0 0.015513842972223375
42.0 0.014340563152266126
43.0 0.013272437354682847
44.0 0.01229817273839281
45.0 0.011407827591983872
46.0 0.010592665510679942
47.0 0.009845015484802318
48.0 0.009158124077101738
49.0 0.008526020831601536
50.0 0.007943415801943575
51.0 0.007405621296147267
52.0 0.0069084771039020585
53.0 0.006448271914691401
54.0 0.006021671658418442
55.0 0.0056256665546864214
56.0 0.00525753598863026
57.0 0.004914821380919787
58.0 0.00459530022640462
59.0 0.004296962301681217
60.0 0.0040179915618377355
61.0 0.003756753071926047
62.0 0.0035117798081072617
63.0 0.0032817548580549917
64.0 0.003065489841625488
65.0 0.002861905329879953
66.0 0.002670019562093587
67.0 0.002488947813796767
68.0 0.0023179097154947315
69.0 0.0021562392741541693
70.0 0.0020033933961913675
71.0 0.0018589575607466358
72.0 0.0017226492795311982
73.0 0.0015943199425911972
74.0 0.0014739545604537767
75.0 0.0013616684331655613
76.0 0.0012577004070625896
77.0 0.0011624031014914704
78.0 0.0010762300753346856
79.0 0.0009997183662361724
80.0 0.0009334634631276544
81.0 0.0008780838751011143
82.0 0.0008341742130155898
83.0 0.0008022481931446914
84.0 0.000782675166618238
85.0 0.0007756152621146679
86.0 0.0007809591144866937
87.0 0.0007982785039509238
88.0 0.0008267938007861966
89.0 0.0008653626382996583
90.0 0.0009124918911389357
91.0 0.0009663724658383984
92.0 0.001024934339177316
93.0 0.0010859180441611944
94.0 0.001146958239873384
95.0 0.0012056747135522398
96.0 0.0012597658780065188
97.0 0.0013070995523654305
98.0 0.0013457957451863496
99.0 0.0013742964936897212
100.0 0.0013914186306577092
101.0 0.0013963866003010024
102.0 0.001388843986055684
103.0 0.001368844059171422
104.0 0.0013368212065966924
105.0 0.0012935463755524388
106.0 0.0012400705661605026
107.0 0.0011776608674880782
108.0 0.001107733570570542
109.0 0.0010317885348726345
110.0 0.0009513482887164384
111.0 0.0008679044109770904
112.0 0.0007828727248462551
113.0 0.0006975579110096475
114.0 0.0006131274550739154
115.0 0.0005305944280530335
116.0 0.00045080840284205954
117.0 0.0003744537180669507
118.0 0.00030205420600785585
119.0 0.0002339833561569078
120.0 0.00017047871296493883
121.0 0.00011165916782227143
122.0 5.754375945933526e-05
123.0 8.070668028724757e-06
124.0 -3.68847359297764e-05
125.0 -7.749367657146374e-05
126.0 -0.00011396018752299063
127.0 -0.0001465100379822282
128.0 -0.00017538233772341298
129.0 -0.00020082350293330415
130.0 -0.00022308304608543357
131.0 -0.00024241054086426134
132.0 -0.0002590531317967835
133.0 -0.00027325310261289436
134.0 -0.00028524524900012444
135.0 -0.00029525405767329924
136.0 -0.00030349090656486735
137.0 -0.0003101516183437464
138.0 -0.00031541470057355785
139.0 -0.00031944050517156505
140.0 -0.00032237137913472373
141.0 -0.0003243327102314429
142.0 -0.0003254346410406027
143.0 -0.00032577415845393495
144.0 -0.0003254372666944669
145.0 -0.0003245010049182072
146.0 -0.0003230351515414941
147.0 -0.0003211035430918722
148.0 -0.0003187650087835448
149.0 -0.0003160739746995473
150.0 -0.0003130808215919756
151.0 -0.0003098320896401177
152.0 -0.00030637061497680064
153.0 -0.0003027356598251426
154.0 -0.0002989630652811083
155.0 -0.00029508541991798976
156.0 -0.0002911322074257046
157.0 -0.00028712988180040744
158.0 -0.0002831018258224282
159.0 -0.0002790681784469887
160.0 -0.0002750455624090811
161.0 -0.000271046791337805
162.0 -0.0002670806696789717
163.0 -0.00026315200493481715
164.0 -0.00025926192387596607
165.0 -0.00025540852644311267
166.0 -0.0002515878366291361
167.0 -0.00024779493806087363
168.0 -0.0002440251326175679
169.0 -0.00024027494686084273
170.0 -0.00023654283734627355
171.0 -0.0002328295055673481
172.0 -0.00022913781140256138
173.0 -0.00022547235133488984
174.0 -0.00022183882614372138
175.0 -0.00021824334952715344
176.0 -0.00021469183998067782
177.0 -0.00021118959815758388
178.0 -0.00020774111315683202
179.0 -0.00020435007978529434
180.0 -0.00020101956016950172
181.0 -0.00019775219777048403
182.0 -0.00019455039333388848
183.0 -0.00019141637666922633
184.0 -0.00018835214607935163
185.0 -0.00018535928733890442
186.0 -0.00018243871629185666
187.0 -0.00017959040714040034
188.0 -0.00017681317069994293
189.0 -0.00017410453556239452
190.0 -0.00017146076477236614
191.0 -0.00016887701633050385
192.0 -0.00016634763201362328
193.0 -0.0001638665190193995
194.0 -0.00016142757525864607
195.0 -0.0001590251034904036
196.0 -0.00015665416292079133
197.0 -0.00015431081921311656
198.0 -0.00015199227327208608
199.0 -0.00014969687203271118
200.0 -0.00014742402578860902
201.0 -0.0001451740710998101
202.0 -0.00014294812209541502
203.0 -0.0001407479447941037
204.0 -0.00013857587104869034
205.0 -0.00013643474605799384
206.0 -0.00013432788293741608
207.0 -0.00013225898616943513
208.0 -0.00013023200714719214
209.0 -0.0001282509101038878
210.0 -0.0001263193521072862
211.0 -0.00012444030993359216
212.0 -0.00012261571150653592
213.0 -0.00012084614289485509
214.0 -0.00011913069898244977
215.0 -0.00011746702618379412
216.0 -0.00011585157247001857
217.0 -0.0001142800203464178
218.0 -0.00011274784083877419
219.0 -0.00011125087926873792
220.0 -0.00010978587272877051
221.0 -0.00010835080732224956
222.0 -0.00010694504907794277
223.0 -0.00010556922106078755
224.0 -0.00010422484320516817
225.0 -0.00010291379250366658
226.0 -0.00010163767184474832
227.0 -0.00010039719062189982
228.0 -9.919165695743999e-05
229.0 -9.801866114925838e-05
230.0 -9.68739969945558e-05
231.0 -9.575182839209915e-05
232.0 -9.464507035752486e-05
233.0 -9.354592302569617e-05
234.0 -9.244647921682558e-05
235.0 -9.133932283213899e-05
236.0 -9.021804583681742e-05
237.0 -8.907763237527695e-05
238.0 -8.79146844656277e-05
239.0 -8.672748914665555e-05
240.0 -8.551594719393304e-05
241.0 -8.428139572731127e-05
242.0 -8.302636064430884e-05
243.0 -8.175427140097737e-05
244.0 -8.046916320781218e-05
245.0 -7.917538361469241e-05
246.0 -7.787731452417308e-05
247.0 -7.657911836716653e-05
248.0 -7.528451835530346e-05
249.0 -7.399662585394122e-05
250.0 -7.27178306768042e-05
251.0 -7.144977017777431e-05
252.0 -7.019338885323662e-05
253.0 -6.894909146267453e-05
254.0 -6.771698048738285e-05
255.0 -6.649715525507747e-05
256.0 -6.529003802105167e-05
257.0 -6.409668439119406e-05
258.0 -6.291903367006902e-05
259.0 -6.176005984114638e-05
260.0 -6.0623795435622025e-05
261.0 -5.951521680489961e-05
262.0 -5.8439997700866246e-05
263.0 -5.740415564613745e-05
264.0 -5.641362959037239e-05
265.0 -5.547383571769508e-05
266.0 -5.458924991913855e-05
267.0 -5.3763060439929266e-05
268.0 -5.299692368377111e-05
269.0 -5.229084203200227e-05
270.0 -5.1643167158415446e-05
271.0 -5.10507180149314e-05
272.0 -5.050899135167207e-05
273.0 -5.0012435551212564e-05
274.0 -4.955475612336503e-05
275.0 -4.9129223067900885e-05
276.0 -4.87289555047038e-05
277.0 -4.834716618528394e-05
278.0 -4.797735636518465e-05
279.0 -4.7613458843043896e-05
280.0 -4.724993291610015e-05
281.0 -4.688181912668596e-05
282.0 -4.6504763916238075e-05
283.0 -4.6115024870818744e-05
284.0 -4.570946649082103e-05
285.0 -4.5285554733886706e-05
286.0 -4.4841356307587506e-05
287.0 -4.437554609889621e-05
288.0 -4.3887423433092966e-05
289.0 -4.337693524304133e-05
290.0 -4.284470189322656e-05
291.0 -4.2292039550425144e-05
292.0 -4.172097183900124e-05
293.0 -4.11342232409678e-05
294.0 -4.053518740138516e-05
295.0 -3.992786516171194e-05
296.0 -3.931676962161294e-05
297.0 -3.8706798554691494e-05
298.0 -3.8103077726394e-05
299.0 -3.751078170343453e-05
