10.0 0.20035313040200917
11.0 0.16907059125800014
12.0 0.1439375519499717
13.0 0.12347923797020824
14.0 0.10663696455123937
15.0 0.09263559775683687
16.0 0.08089759638660274
17.0 0.07098386843166436
18.0 0.06255420720700325
19.0 0.055341869881741994
20.0 0.04913619465122675
21.0 0.043769429543334994
22.0 0.039106518528711165
23.0 0.035037484895499724
24.0 0.03147200802801437
25.0 0.028335573866179364
26.0 0.02556653641090928
27.0 0.023113668375533573
28.0 0.020934110080409685
29.0 0.018991761077681222
30.0 0.0172560704319302
31.0 0.015701087978854153
32.0 0.014304670903898089
33.0 0.013047821490411117
34.0 0.01191416432227807
35.0 0.010889548077866787
36.0 0.009961724031836088
37.0 0.00912005569694835
38.0 0.008355255196251998
39.0 0.007659173389374091
40.0 0.0070246531058375606
41.0 0.006445414959631039
42.0 0.005915938949353667
43.0 0.005431340117954989
44.0 0.004987266217245321
45.0 0.004579834281817654
46.0 0.0042055907319487945
47.0 0.0038614684036900205
48.0 0.003544733248051276
49.0 0.003252934510332117
50.0 0.0029838703956685925
51.0 0.002735564727080279
52.0 0.0025062424048066137
53.0 0.0022942997824958776
54.0 0.002098276966049507
55.0 0.001916839473651066
56.0 0.001748768856210373
57.0 0.0015929564471839264
58.0 0.0014483963037034797
59.0 0.0013141781601706973
60.0 0.001189482678270246
61.0 0.0010735786691791062
62.0 0.0009658192031277112
63.0 0.000865633956253801
64.0 0.0007725183535687709
65.0 0.0006860230231977685
66.0 0.0006057473113310189
67.0 0.0005313381479404588
68.0 0.00046249247958697533
69.0 0.0003989599961610559
70.0 0.00034054360947130443
71.0 0.00028709697992262794
72.0 0.0002385197053814586
73.0 0.00019475088872671247
74.0 0.00015576128790505787
75.0 0.00012154412672854453
76.0 9.210518184449384e-05
77.0 6.745330691335953e-05
78.0 4.7592335652268066e-05
79.0 3.251430725857027e-05
80.0 2.2192949929171297e-05
81.0 1.6576124207125988e-05
82.0 1.557657172662976e-05
83.0 1.9061300934810822e-05
84.0 2.684068697742208e-05
85.0 3.865868892399195e-05
86.0 5.418564568092045e-05
87.0 7.301502018235427e-05
88.0 9.466513366673308e-05
89.0 0.0001185862480945628
90.0 0.00014417242381148092
91.0 0.00017077676194559113
92.0 0.00019772830206611254
93.0 0.000224349084201725
94.0 0.00024997048160137707
95.0 0.000273948510966931
96.0 0.0002956781723260432
97.0 0.0003146069094562883
98.0 0.00033024711607208747
99.0 0.0003421873876745709
100.0 0.0003501020424222385
101.0 0.00035375836134633347
102.0 0.0003530210435888875
103.0 0.00034785351959404397
104.0 0.0003383159786203304
105.0 0.00032456020175592934
106.0 0.00030682151344468936
107.0 0.0002854083509860235
108.0 0.00026069008486992977
109.0 0.00023308378258669963
110.0 0.00020304057708295044
111.0 0.00017103218646550975
112.0 0.00013753797464332858
113.0 0.00010303280895134929
114.0 6.797591052485309e-05
115.0 3.280091582168414e-05
116.0 -2.0925694615279838e-06
117.0 -3.63456064522936e-05
118.0 -6.964447576691291e-05
119.0 -0.0001017230105369714
120.0 -0.00013236277117270305
121.0 -0.00016139132563270552
122.0 -0.00018867905498952606
123.0 -0.0002141349869557397
124.0 -0.00023770216822703664
125.0 -0.00025935303345677883
126.0 -0.0002790851302020961
127.0 -0.0002969174286661503
128.0 -0.00031288729608433595
129.0 -0.00032704806794601186
130.0 -0.0003394670278106973
131.0 -0.0003502235414053652
132.0 -0.0003594070962823733
133.0 -0.0003671150745886299
134.0 -0.00037345021201941575
135.0 -0.00037851783427169343
136.0 -0.00038242307314945113
137.0 -0.00038526831775243637
138.0 -0.00038715114008385876
139.0 -0.00038816285893050344
140.0 -0.00038838779668262636
141.0 -0.00038790317312369565
142.0 -0.00038677949557098807
143.0 -0.00038508126140679325
144.0 -0.0003828677883418861
145.0 -0.00038019401991995044
146.0 -0.00037711120343888484
147.0 -0.0003736673902047444
148.0 -0.00036990775322966554
149.0 -0.00036587474988069397
150.0 -0.00036160817562882374
151.0 -0.000357145160810721
152.0 -0.0003525201573042502
153.0 -0.0003477649481723533
154.0 -0.0003429086936388607
155.0 -0.0003379780053415046
156.0 -0.0003329970230744498
157.0 -0.000327987459903606
158.0 -0.00032296858655494283
159.0 -0.00031795714469397415
160.0 -0.0003129672069053144
161.0 -0.00030801003053042986
162.0 -0.0003030939731683836
163.0 -0.0002982245412173837
164.0 -0.00029340462564923553
165.0 -0.0002886349438231227
166.0 -0.0002839146608803569
167.0 -0.0002792421210042921
168.0 -0.0002746155892598489
169.0 -0.0002700338970300896
170.0 -0.00026549690061064844
171.0 -0.00026100569917815843
172.0 -0.0002565626059674445
173.0 -0.0002521709133819575
174.0 -0.00024783452787903703
175.0 -0.00024355756622139728
176.0 -0.00023934399864863705
177.0 -0.00023519739986287158
178.0 -0.00023112083299550032
179.0 -0.0002271168547757062
180.0 -0.0002231876012242106
181.0 -0.0002193348986759809
182.0 -0.00021556034679295007
183.0 -0.00021186533582941706
184.0 -0.0002082509839921542
185.0 -0.0002047180052712437
186.0 -0.00020126653740541717
187.0 -0.0001978959700062206
188.0 -0.00019460481330659294
189.0 -0.00019139064012539602
190.0 -0.00018825012021679254
191.0 -0.0001851791505000665
192.0 -0.0001821730694314717
193.0 -0.00017922693114946666
194.0 -0.0001763358065071481
195.0 -0.00017349507476221635
196.0 -0.00017070067210841125
197.0 -0.00016794927126480958
198.0 -0.00016523837879912624
199.0 -0.00016256635146718538
200.0 -0.00015993234647559398
201.0 -0.00015733622998749555
202.0 -0.00015477847093018374
203.0 -0.00015226004251357833
204.0 -0.00014978234311159558
205.0 -0.00014734713447726503
206.0 -0.00014495648284629248
207.0 -0.00014261268135913176
208.0 -0.00014031813298085453
209.0 -0.0001380751821171852
210.0 -0.0001358858983483377
211.0 -0.0001337518331155254
212.0 -0.00013167378497419994
213.0 -0.00012965161673027934
214.0 -0.00012768416564978036
215.0 -0.00012576927559943525
216.0 -0.00012390395962542106
217.0 -0.0001220846772830507
218.0 -0.00012030768821286956
219.0 -0.00011856942701454812
220.0 -0.00011686683806779046
221.0 -0.00011519761412339763
222.0 -0.00011356029835476847
223.0 -0.00011195423308927665
224.0 -0.00011037936511399562
225.0 -0.00010883594223283159
226.0 -0.00010732415406882042
227.0 -0.00010584377878639895
228.0 -0.00010439389506559329
229.0 -0.00010297270614901183
230.0 -0.00010157750268732012
231.0 -0.0001002047673783045
232.0 -9.885040152696709e-05
233.0 -9.751003559295626e-05
234.0 -9.617937558322336e-05
235.0 -9.485453584806542e-05
236.0 -9.353231597131535e-05
237.0 -9.221039263988304e-05
238.0 -9.08874135586092e-05
239.0 -8.956299606269917e-05
240.0 -8.823764531345937e-05
241.0 -8.691261403735412e-05
242.0 -8.55897274577916e-05
243.0 -8.427119433280935e-05
244.0 -8.295941979732298e-05
245.0 -8.165683010523773e-05
246.0 -8.03657151426311e-05
247.0 -7.908809270710039e-05
248.0 -7.78255989023626e-05
249.0 -7.657941071803658e-05
250.0 -7.535020847455733e-05
251.0 -7.413818594974116e-05
252.0 -7.29431136711588e-05
253.0 -7.176445585349989e-05
254.0 -7.060153441424015e-05
255.0 -6.945372569426414e-05
256.0 -6.832066859976986e-05
257.0 -6.720245846554341e-05
258.0 -6.609980017461059e-05
259.0 -6.501409744545242e-05
260.0 -6.394746238049257e-05
261.0 -6.290263930702174e-05
262.0 -6.188284807321378e-05
263.0 -6.089156250123449e-05
264.0 -5.993224800284766e-05
265.0 -5.9008087193331136e-05
266.0 -5.812172306943791e-05
267.0 -5.7275046031211e-05
268.0 -5.646904443078733e-05
269.0 -5.570372962031272e-05
270.0 -5.49781370803407e-05
271.0 -5.429039655179539e-05
272.0 -5.36378573267095e-05
273.0 -5.301725070365833e-05
274.0 -5.242487032594914e-05
275.0 -5.185675244066464e-05
276.0 -5.130884144242117e-05
277.0 -5.077713058128861e-05
278.0 -5.025777257520595e-05
279.0 -4.97471593405115e-05
280.0 -4.9241973631124615e-05
281.0 -4.8739217804507904e-05
282.0 -4.823622617358083e-05
283.0 -4.773066760449715e-05
284.0 -4.722054441565495e-05
285.0 -4.670419246130095e-05
286.0 -4.618028577295928e-05
287.0 -4.564784745042903e-05
288.0 -4.510626678911244e-05
289.0 -4.4555320997225846e-05
290.0 -4.3995198440637974e-05
291.0 -4.3426519250755756e-05
292.0 -4.285034849618193e-05
293.0 -4.226819702558088e-05
294.0 -4.16820056178283e-05
295.0 -4.1094109188093696e-05
296.0 -4.050717940691756e-05
297.0 -3.992414602716846e-05
298.0 -3.9348099249211765e-05
299.0 -3.878217736642639e-05
