10.0 0.49508806351099754
11.0 0.4166118493728967
12.0 0.35338980828662525
13.0 0.3018348284300213
14.0 0.25935533786431664
15.0 0.22404107178095506
16.0 0.19445926215836945
17.0 0.16951503675875698
18.0 0.14835705720980852
19.0 0.13031530339638026
20.0 0.11485798326108995
21.0 0.10155925043969144
22.0 0.09007447455993926
23.0 0.0801217630949857
24.0 0.07146858486731955
25.0 0.06392209111427685
26.0 0.05732172663783903
27.0 0.051533201568888846
28.0 0.04644352865815226
29.0 0.041957113839276826
30.0 0.03799276037980467
31.0 0.034481296446505584
32.0 0.03136360165831316
33.0 0.02858896131621335
34.0 0.02611374287323129
35.0 0.023900354235327798
36.0 0.021916388077526786
37.0 0.020133861882999947
38.0 0.0185285379876476
39.0 0.017079366114617866
40.0 0.015768061767287598
41.0 0.0145787637918668
42.0 0.013497702791281997
43.0 0.012512874128869608
44.0 0.011613762838152353
45.0 0.01079114938325922
46.0 0.010036968292877807
47.0 0.009344171277415603
48.0 0.008706580316323301
49.0 0.00811875382709937
50.0 0.007575886427511291
51.0 0.007073733826783926
52.0 0.006608540580617502
53.0 0.0061769629919614134
54.0 0.005775998854013679
55.0 0.005402936797448718
56.0 0.005055324297292687
57.0 0.004730943753783079
58.0 0.004427789335628974
59.0 0.004144045722476201
60.0 0.0038780725837716796
61.0 0.003628394111961282
62.0 0.0033936880648115083
63.0 0.003172769532843676
64.0 0.002964570357079868
65.0 0.002768120451034433
66.0 0.002582537813835178
67.0 0.0024070297404377053
68.0 0.002240902277365177
69.0 0.002083572234081256
70.0 0.0019345772053044408
71.0 0.001793582147989029
72.0 0.0016603832119541178
73.0 0.0015349094982011497
74.0 0.0014172222692036749
75.0 0.001307510652796821
76.0 0.0012060836005894557
77.0 0.0011133586757247653
78.0 0.001029847826219682
79.0 0.000956138654877513
80.0 0.0008928682107543089
81.0 0.0008406864067493422
82.0 0.0008002079970986805
83.0 0.0007719546437897186
84.0 0.0007562908501222564
85.0 0.0007533590130039752
86.0 0.0007630196828443068
87.0 0.0007848034103157215
88.0 0.0008178800514441326
89.0 0.0008610498271036154
90.0 0.0009127579772563214
91.0 0.000971132209727412
92.0 0.0010340400836361641
93.0 0.0010991623293187553
94.0 0.0011640776870614773
95.0 0.0012263546932603482
96.0 0.0012836456403374555
97.0 0.0013337776819776586
98.0 0.0013748359564805773
99.0 0.0014052338772346914
100.0 0.0014237664894445996
101.0 0.0014296439798896856
102.0 0.001422503921447807
103.0 0.001402402454023745
104.0 0.0013697861485745333
105.0 0.001325447593900542
106.0 0.0012704686683616122
107.0 0.00120615596068762
108.0 0.001133972883671101
109.0 0.0010554727048210698
110.0 0.0009722360486027514
111.0 0.0008858155041018143
112.0 0.0007976889564178465
113.0 0.0007092223327959506
114.0 0.0006216417596625541
115.0 0.0005360147115906384
116.0 0.0004532395374978726
117.0 0.0003740426505486345
118.0 0.0002989825539625297
119.0 0.00022845969837183305
120.0 0.00016273095588269655
121.0 0.00010192732221549695
122.0 4.607338639767138e-05
123.0 -4.892834855216916e-06
124.0 -5.110092605306449e-05
125.0 -9.27309343288646e-05
126.0 -0.0001299987230674864
127.0 -0.0001631441424875184
128.0 -0.00019242200434151278
129.0 -0.00021809553919959873
130.0 -0.00024043177716100362
131.0 -0.0002596981694941436
132.0 -0.00027615978619308735
133.0 -0.0002900765774040716
134.0 -0.000301700433738494
135.0 -0.00031127205410167407
136.0 -0.0003190178565797754
137.0 -0.0003251472920523275
138.0 -0.00032985091923753903
139.0 -0.00033329948967126497
140.0 -0.0003356441167522974
141.0 -0.0003370174210687771
142.0 -0.0003375354037794251
143.0 -0.00033729972886607996
144.0 -0.000336400096820179
145.0 -0.0003349164502924233
146.0 -0.00033292084038645824
147.0 -0.00033047887521108496
148.0 -0.00032765075184114644
149.0 -0.00032449192985376256
150.0 -0.0003210535371675423
151.0 -0.00031738260895258644
152.0 -0.0003135222511173154
153.0 -0.0003095117950412686
154.0 -0.00030538697480205894
155.0 -0.0003011801194772119
156.0 -0.0002969203208433638
157.0 -0.00029263352104096156
158.0 -0.00028834247267388226
159.0 -0.0002840665561389944
160.0 -0.0002798214882848209
161.0 -0.00027561900822877834
162.0 -0.00027146666273061506
163.0 -0.0002673678200620273
164.0 -0.00026332201110795264
165.0 -0.00025932563382443036
166.0 -0.00025537297686382694
167.0 -0.0002514574410425669
168.0 -0.0002475727842120161
169.0 -0.00024371420066451549
170.0 -0.00023987907476545064
171.0 -0.00023606731301411584
172.0 -0.00023228124304001008
173.0 -0.00022852515145568655
174.0 -0.00022480459534607682
175.0 -0.00022112565081230565
176.0 -0.00021749425191109386
177.0 -0.00021391572990139146
178.0 -0.00021039459922652062
179.0 -0.0002069345704645665
180.0 -0.00020353871811827948
181.0 -0.0002002097040154874
182.0 -0.00019694995892616086
183.0 -0.00019376175149670184
184.0 -0.00019064711466207457
185.0 -0.00018760764298255835
186.0 -0.000184644209010301
187.0 -0.00018175666607886775
188.0 -0.0001789436070944347
189.0 -0.0001762022364656802
190.0 -0.00017352839015924798
191.0 -0.00017091671248532732
192.0 -0.00016836097238862033
193.0 -0.0001658544803965069
194.0 -0.00016339055260884176
195.0 -0.00016096296209573845
196.0 -0.00015856632186499176
197.0 -0.00015619635698829097
198.0 -0.00015385004456154822
199.0 -0.0001515256249775433
200.0 -0.000149222511082257
201.0 -0.0001469411375129723
202.0 -0.00014468279663393778
203.0 -0.0001424494986647268
204.0 -0.00014024387415936582
205.0 -0.00013806911253772938
206.0 -0.00013592890829972537
207.0 -0.00013382737395772282
208.0 -0.0001317688802177188
209.0 -0.00012975780019170032
210.0 -0.00012779816177751699
211.0 -0.00012589324371748063
212.0 -0.00012404517760073003
213.0 -0.00012225463233878572
214.0 -0.00012052065444645373
215.0 -0.00011884071608827335
216.0 -0.00011721098709269714
217.0 -0.00011562680439000859
218.0 -0.00011408327183084336
219.0 -0.0001125758939988448
220.0 -0.00011110113600956656
221.0 -0.00010965681019106023
222.0 -0.00010824221850595637
223.0 -0.00010685802127502635
224.0 -0.00010550585022828337
225.0 -0.00010418772819824263
226.0 -0.00010290539074612025
227.0 -0.00010165962088332964
228.0 -0.00010044970438394993
229.0 -9.927309124624783e-05
230.0 -9.81253132442249e-05
231.0 -9.700016515437825e-05
232.0 -9.58901160115739e-05
233.0 -9.478688388645529e-05
234.0 -9.368208841050487e-05
235.0 -9.256789187319254e-05
236.0 -9.143755120155879e-05
237.0 -9.028582569915958e-05
238.0 -8.910921346106813e-05
239.0 -8.790601685361745e-05
240.0 -8.667625927052234e-05
241.0 -8.542148847769468e-05
242.0 -8.414450565016101e-05
243.0 -8.284905539362307e-05
244.0 -8.153950386611935e-05
245.0 -8.022052325575706e-05
246.0 -7.889679435843564e-05
247.0 -7.757273642745009e-05
248.0 -7.625227468225146e-05
249.0 -7.493865920879956e-05
250.0 -7.363435195179298e-05
251.0 -7.234099859507978e-05
252.0 -7.105949767139234e-05
253.0 -6.979016990238885e-05
254.0 -6.853301768694517e-05
255.0 -6.728805017539907e-05
256.0 -6.605563646177376e-05
257.0 -6.483684097660992e-05
258.0 -6.36336932899321e-05
259.0 -6.244935011794387e-05
260.0 -6.128811982257641e-05
261.0 -6.015533724485312e-05
262.0 -5.9057096538024056e-05
263.0 -5.799986859331021e-05
264.0 -5.699004471470701e-05
265.0 -5.603345716182107e-05
266.0 -5.5134928889841114e-05
267.0 -5.429789935431486e-05
268.0 -5.352416184128669e-05
269.0 -5.281373251481399e-05
270.0 -5.216485477508235e-05
271.0 -5.157412709863351e-05
272.0 -5.1036730358599104e-05
273.0 -5.054672302349827e-05
274.0 -5.009737005761624e-05
275.0 -4.9681473403721545e-05
276.0 -4.9291677574689166e-05
277.0 -4.8920731698019535e-05
278.0 -4.856169786420913e-05
279.0 -4.820810354114188e-05
280.0 -4.7854042223638803e-05
281.0 -4.7494230920573105e-05
282.0 -4.712403547598244e-05
283.0 -4.673947530333792e-05
284.0 -4.633721827054858e-05
285.0 -4.591457462720227e-05
286.0 -4.546949638783173e-05
287.0 -4.5000585770597185e-05
288.0 -4.450711336970849e-05
289.0 -4.398904391496256e-05
290.0 -4.344706495057159e-05
291.0 -4.288261177277311e-05
292.0 -4.229788073200756e-05
293.0 -4.169582272072532e-05
294.0 -4.10801094407802e-05
295.0 -4.0455066855173475e-05
296.0 -3.9825572918651017e-05
297.0 -3.91969199590407e-05
298.0 -3.857464556834263e-05
299.0 -3.796433914955363e-05
