10.0 0.1091651064001513
11.0 0.09246093210362981
12.0 0.07893521577877562
13.0 0.06784749636684635
14.0 0.05866192925108031
15.0 0.050982819300283824
16.0 0.044512814547307496
17.0 0.039024353554724625
18.0 0.03434030327994514
19.0 0.030321071420745003
20.0 0.026855646648944954
21.0 0.023854926103531016
22.0 0.02124663504775604
23.0 0.018971529978255672
24.0 0.016980631649004374
25.0 0.01523320677255009
26.0 0.013695226101087362
27.0 0.012338116367672245
28.0 0.011137739707566272
29.0 0.01007358825699064
30.0 0.009128162661994323
31.0 0.008286478695143205
32.0 0.007535658613686222
33.0 0.006864591498349532
34.0 0.00626365918201923
35.0 0.005724518935418882
36.0 0.005239924773915674
37.0 0.0048035703933008
38.0 0.004409949941902159
39.0 0.004054243272842827
40.0 0.003732227508004433
41.0 0.0034402046334592964
42.0 0.00317493279674104
43.0 0.0029335598088877026
44.0 0.0027135668175744705
45.0 0.0025127270591229723
46.0 0.002329074724860942
47.0 0.0021608753792128864
48.0 0.002006595240172485
49.0 0.0018648732267967272
50.0 0.001734499291576176
51.0 0.0016143975362270216
52.0 0.0015036101893239648
53.0 0.0014012810413925585
54.0 0.0013066403274572744
55.0 0.001218993261061906
56.0 0.0011377120514327373
57.0 0.0010622295501474476
58.0 0.0009920332324482508
59.0 0.00092665968813022
60.0 0.0008656902745495644
61.0 0.0008087478029422801
62.0 0.0007554932807600763
63.0 0.0007056218607654255
64.0 0.00065885814214008
65.0 0.0006149519048680858
66.0 0.0005736754633165289
67.0 0.0005348230884267716
68.0 0.0004982119996638907
69.0 0.00046368394721652505
70.0 0.0004311065985498147
71.0 0.0004003744764305646
72.0 0.00037140956684758933
73.0 0.00034416170496622033
74.0 0.0003186086367539759
75.0 0.00029475555529760646
76.0 0.0002726340196501551
77.0 0.00025230029049243795
78.0 0.00023383303217196978
79.0 0.00021733003763732038
80.0 0.00020290337512621288
81.0 0.0001906723812251867
82.0 0.00018075426871858662
83.0 0.00017325260835716126
84.0 0.00016824438439776198
85.0 0.00016576663348117618
86.0 0.00016580387174385848
87.0 0.00016827760362429718
88.0 0.00017303913680267514
89.0 0.00017986664901478453
90.0 0.00018846699457061134
91.0 0.00019848222429035003
92.0 0.00020950036169905279
93.0 0.00022106969941895858
94.0 0.00023271572844623487
95.0 0.00024395972099876858
96.0 0.00025433790843485733
97.0 0.000263420133739354
98.0 0.0002708268508536577
99.0 0.0002762434264012164
100.0 0.0002794308847517609
101.0 0.00028023251071764075
102.0 0.0002785760540450614
103.0 0.00027447162612138785
104.0 0.00026800570033242956
105.0 0.0002593318878821552
106.0 0.00024865933813582135
107.0 0.00023623969863840894
108.0 0.00022235356733065652
109.0 0.00020729728630602078
110.0 0.00019137077610404264
111.0 0.00017486691377173176
112.0 0.00015806274795192286
113.0 0.00014121265487778374
114.0 0.00012454339728027285
115.0 0.0001082509627616829
116.0 9.249901835370302e-05
117.0 7.741880135720218e-05
118.0 6.311025204106465e-05
119.0 4.964417146749397e-05
120.0 3.706516091299421e-05
121.0 2.5395079021266547e-05
122.0 1.4636749344291282e-05
123.0 4.7776685497356584e-06
124.0 -4.206498097837485e-06
125.0 -1.2348798137704048e-05
126.0 -1.96883578364005e-05
127.0 -2.62682805867561e-05
128.0 -3.213406658763714e-05
129.0 -3.733248917047192e-05
130.0 -4.1910822504816206e-05
131.0 -4.5916294916684524e-05
132.0 -4.9395646191326295e-05
133.0 -5.239469500825276e-05
134.0 -5.495786683115593e-05
135.0 -5.712768135997502e-05
136.0 -5.894423925398713e-05
137.0 -6.044477043315534e-05
138.0 -6.166330691620123e-05
139.0 -6.263052456327087e-05
140.0 -6.337376808077127e-05
141.0 -6.391724207954274e-05
142.0 -6.428232643123506e-05
143.0 -6.448796158078438e-05
144.0 -6.455104947640247e-05
145.0 -6.448682556577462e-05
146.0 -6.430917239087378e-05
147.0 -6.403086129574284e-05
148.0 -6.366372248210534e-05
149.0 -6.321875351073466e-05
150.0 -6.270618199948492e-05
151.0 -6.213550003038144e-05
152.0 -6.151548619100995e-05
153.0 -6.085422687359987e-05
154.0 -6.0159142296739785e-05
155.0 -5.943701597153304e-05
156.0 -5.8694020688007145e-05
157.0 -5.793573131325015e-05
158.0 -5.716711602701429e-05
159.0 -5.639250322088359e-05
160.0 -5.561552986827512e-05
161.0 -5.483908620546177e-05
162.0 -5.406527798194512e-05
163.0 -5.329542874102652e-05
164.0 -5.25301393900015e-05
165.0 -5.176941145173205e-05
166.0 -5.101282640309937e-05
167.0 -5.025976003464066e-05
168.0 -4.950960144745124e-05
169.0 -4.876194370956719e-05
170.0 -4.801671809543699e-05
171.0 -4.72742550237805e-05
172.0 -4.653526948951523e-05
173.0 -4.580078335483991e-05
174.0 -4.5072007888890284e-05
175.0 -4.435021502685479e-05
176.0 -4.363662415313712e-05
177.0 -4.293232371215743e-05
178.0 -4.223823591607474e-05
179.0 -4.155512126641274e-05
180.0 -4.088361042333389e-05
181.0 -4.0224246146556045e-05
182.0 -3.957751825487879e-05
183.0 -3.894387908196709e-05
184.0 -3.832373400238477e-05
185.0 -3.7717409123671015e-05
186.0 -3.712510429825069e-05
187.0 -3.654684302278138e-05
188.0 -3.598243124980729e-05
189.0 -3.543143505565913e-05
190.0 -3.489318333385175e-05
191.0 -3.4366797158463015e-05
192.0 -3.3851243013437395e-05
193.0 -3.3345403343827596e-05
194.0 -3.284815531439732e-05
195.0 -3.235844759163201e-05
196.0 -3.187536558684423e-05
197.0 -3.13981778857255e-05
198.0 -3.092636020703671e-05
199.0 -3.045959750094791e-05
200.0 -2.999776877642325e-05
201.0 -2.9540921955108427e-05
202.0 -2.9089246747784696e-05
203.0 -2.8643052004891567e-05
204.0 -2.8202750605597133e-05
205.0 -2.7768850691546203e-05
206.0 -2.7341948209026906e-05
207.0 -2.6922713531525495e-05
208.0 -2.6511865198784013e-05
209.0 -2.6110126647706532e-05
210.0 -2.5718166590937863e-05
211.0 -2.5336529188827577e-05
212.0 -2.4965564853410443e-05
213.0 -2.460537504481977e-05
214.0 -2.4255783899245734e-05
215.0 -2.3916345832354307e-05
216.0 -2.3586392047034242e-05
217.0 -2.3265111424594396e-05
218.0 -2.2951654202660317e-05
219.0 -2.2645241696414687e-05
220.0 -2.2345263252982924e-05
221.0 -2.205134313834421e-05
222.0 -2.176336489583356e-05
223.0 -2.1481447964320213e-05
224.0 -2.120587961802261e-05
225.0 -2.0937013030674243e-05
226.0 -2.0675148053329614e-05
227.0 -2.0420414111291347e-05
228.0 -2.0172674038352896e-05
229.0 -1.993146388712964e-05
230.0 -1.9695977574365706e-05
231.0 -1.9465097843604276e-05
232.0 -1.923746782257823e-05
233.0 -1.9011591683660263e-05
234.0 -1.878594949884899e-05
235.0 -1.8559110719867156e-05
236.0 -1.8329832648309558e-05
237.0 -1.8097134136242166e-05
238.0 -1.786033960446319e-05
239.0 -1.7619093235511232e-05
240.0 -1.7373347007025637e-05
241.0 -1.7123328540369543e-05
242.0 -1.686949544233216e-05
243.0 -1.661248220546488e-05
244.0 -1.6353044362398602e-05
245.0 -1.609200309747355e-05
246.0 -1.583019242871362e-05
247.0 -1.5568410659498767e-05
248.0 -1.5307378034511163e-05
249.0 -1.5047703129939616e-05
250.0 -1.4789861027445303e-05
251.0 -1.4534186331450119e-05
252.0 -1.4280883298438763e-05
253.0 -1.403005369817132e-05
254.0 -1.3781740720312551e-05
255.0 -1.3535984686348071e-05
256.0 -1.3292884045629474e-05
257.0 -1.305265363056372e-05
258.0 -1.2815671791438672e-05
259.0 -1.2582508982294075e-05
260.0 -1.2353932532730877e-05
261.0 -1.2130885394739266e-05
262.0 -1.1914440113908423e-05
263.0 -1.170573258730314e-05
264.0 -1.1505882817187601e-05
265.0 -1.1315911457878767e-05
266.0 -1.1136661278341508e-05
267.0 -1.0968731736428078e-05
268.0 -1.081243289260018e-05
269.0 -1.066776224259532e-05
270.0 -1.053440515985905e-05
271.0 -1.0411756946634408e-05
272.0 -1.0298962359454042e-05
273.0 -1.0194967133490669e-05
274.0 -1.0098575561595956e-05
275.0 -1.0008508522473731e-05
276.0 -9.923457318472145e-06
277.0 -9.842130031964637e-06
278.0 -9.763288583086721e-06
279.0 -9.685776047113417e-06
280.0 -9.60853490839462e-06
281.0 -9.530617706889865e-06
282.0 -9.451191960366993e-06
283.0 -9.369541358659167e-06
284.0 -9.285065092160169e-06
285.0 -9.197276866972632e-06
286.0 -9.105804737856974e-06
287.0 -9.010392408051936e-06
288.0 -8.910902141788011e-06
289.0 -8.80731894603269e-06
290.0 -8.699755238887968e-06
291.0 -8.588454872490755e-06
292.0 -8.473795158841581e-06
293.0 -8.356285491353715e-06
294.0 -8.236561282687636e-06
295.0 -8.115372247862707e-06
296.0 -7.99356452370998e-06
297.0 -7.872056681217535e-06
298.0 -7.751810290818073e-06
299.0 -7.63379627094508e-06
