10.0 0.07634253724044199
11.0 0.06293218889655243
12.0 0.0522640116774559
13.0 0.04367841077839273
14.0 0.036701816418006905
15.0 0.030987344898337838
16.0 0.02627633095036067
17.0 0.02237184689148537
18.0 0.019121011091661595
19.0 0.016403664611519063
20.0 0.014124653047560514
21.0 0.012207979221502558
22.0 0.010592267603393683
23.0 0.009227387776634186
24.0 0.008072060060211508
25.0 0.007092163939492539
26.0 0.00625944811222017
27.0 0.00555045066516793
28.0 0.004945589871692528
29.0 0.00442844826297786
30.0 0.003985231597879472
31.0 0.0036043409298757725
32.0 0.0032760104608349255
33.0 0.0029920012604572866
34.0 0.0027453557594813607
35.0 0.002530207133822128
36.0 0.002341622332958357
37.0 0.0021754584195913147
38.0 0.002028230731402322
39.0 0.001897005771544002
40.0 0.0017793235142483765
41.0 0.0016731353414777043
42.0 0.0015767408379261756
43.0 0.0014887227558850584
44.0 0.001407893092234933
45.0 0.0013332581051244186
46.0 0.001263995183975375
47.0 0.0011994292727875175
48.0 0.0011390054274167452
49.0 0.0010822637848908825
50.0 0.0010288223922493886
51.0 0.0009783657369619072
52.0 0.0009306332671357664
53.0 0.000885406013843223
54.0 0.00084249445006067
55.0 0.0008017309308783091
56.0 0.0007629664564642423
57.0 0.000726069003246637
58.0 0.0006909215466310704
59.0 0.000657420100307596
60.0 0.000625472782242245
61.0 0.0005949997274587724
62.0 0.0005659324059610755
63.0 0.0005382111147673785
64.0 0.0005117809025441934
65.0 0.00048658756048647404
66.0 0.0004625754345164839
67.0 0.0004396876933240287
68.0 0.00041786828117912903
69.0 0.0003970641062179694
70.0 0.0003772263577962034
71.0 0.00035831069717351844
72.0 0.0003402766736515551
73.0 0.0003230867614789522
74.0 0.00030670516698590855
75.0 0.0002910964811495244
76.0 0.0002762244775418456
77.0 0.0002620515781458021
78.0 0.0002485393743536569
79.0 0.0002356500926013522
80.0 0.00022334838988363867
81.0 0.0002116027178526181
82.0 0.00020038575675427277
83.0 0.0001896738492390266
84.0 0.0001794456937243533
85.0 0.00016968070786026773
86.0 0.00016035751616014766
87.0 0.00015145300743881035
88.0 0.00014294230656386895
89.0 0.00013479975400988584
90.0 0.000127000632176967
91.0 0.00011952308059480599
92.0 0.00011234956575349573
93.0 0.00010546745520380825
94.0 9.886858311466769e-05
95.0 9.254801687081442e-05
96.0 8.650241898728145e-05
97.0 8.072841920862574e-05
98.0 7.522131511459154e-05
99.0 6.997427395882141e-05
100.0 6.497806696866236e-05
101.0 6.0221259966691855e-05
102.0 5.5690722999900506e-05
103.0 5.137230544616925e-05
104.0 4.7251540639436775e-05
105.0 4.3314280366674706e-05
106.0 3.9547202560766005e-05
107.0 3.593817786295146e-05
108.0 3.247651578260994e-05
109.0 2.915312932864055e-05
110.0 2.5960649340926063e-05
111.0 2.289348740088447e-05
112.0 1.9947805727729176e-05
113.0 1.712133009944419e-05
114.0 1.4412958123481836e-05
115.0 1.182217070519102e-05
116.0 9.348327340031197e-06
117.0 6.989982662436076e-06
118.0 4.7443759662347926e-06
119.0 2.6072104493575884e-06
120.0 5.727691048649057e-07
121.0 -1.365664747335123e-06
122.0 -3.2151784111646364e-06
123.0 -4.9825244811471986e-06
124.0 -6.673477976214618e-06
125.0 -8.292376719905917e-06
126.0 -9.841929541760148e-06
127.0 -1.1323327582813023e-05
128.0 -1.273663706931306e-05
129.0 -1.4081395631722629e-05
130.0 -1.5357290084878118e-05
131.0 -1.6564773523759347e-05
132.0 -1.770549135927224e-05
133.0 -1.8782428955672094e-05
134.0 -1.9799757871340637e-05
135.0 -2.076242654580618e-05
136.0 -2.167559630157848e-05
137.0 -2.254405084498352e-05
138.0 -2.3371701879015744e-05
139.0 -2.4161279615365876e-05
140.0 -2.491424698486996e-05
141.0 -2.5630925123429056e-05
142.0 -2.6310778054431376e-05
143.0 -2.6952783613119e-05
144.0 -2.755581625944842e-05
145.0 -2.811898105501697e-05
146.0 -2.864185982119331e-05
147.0 -2.912465363743731e-05
148.0 -2.956822559090784e-05
149.0 -2.9974061653181842e-05
150.0 -3.034417523257754e-05
151.0 -3.0680982846484447e-05
152.0 -3.098717533089214e-05
153.0 -3.1265602038251926e-05
154.0 -3.151917587788145e-05
155.0 -3.175079673465986e-05
156.0 -3.1963282262426884e-05
157.0 -3.2159290890140305e-05
158.0 -3.2341223927333335e-05
159.0 -3.2511102071166624e-05
160.0 -3.267042442891023e-05
161.0 -3.2820031570852426e-05
162.0 -3.2960003543708874e-05
163.0 -3.308962535806528e-05
164.0 -3.320744450182894e-05
165.0 -3.3311428692044835e-05
166.0 -3.339921121152635e-05
167.0 -3.3468391222615656e-05
168.0 -3.3516842811641314e-05
169.0 -3.354298297027852e-05
170.0 -3.3545956335494924e-05
171.0 -3.352571141571427e-05
172.0 -3.3482964998635344e-05
173.0 -3.341907308735138e-05
174.0 -3.3335842957871046e-05
175.0 -3.323532826537985e-05
176.0 -3.311964643454409e-05
177.0 -3.299084629408653e-05
178.0 -3.285083754662103e-05
179.0 -3.2701376714006456e-05
180.0 -3.25440909434864e-05
181.0 -3.238051442183336e-05
182.0 -3.22121130146888e-05
183.0 -3.204027994925557e-05
184.0 -3.1866296212699445e-05
185.0 -3.169126060647964e-05
186.0 -3.151600325104811e-05
187.0 -3.1341001043065e-05
188.0 -3.1166313717297534e-05
189.0 -3.099155545212522e-05
190.0 -3.081591071305846e-05
191.0 -3.0638195726344177e-05
192.0 -3.0456959899447747e-05
193.0 -3.027061563577203e-05
194.0 -3.007758103302791e-05
195.0 -2.9876418403389636e-05
196.0 -2.9665952676056574e-05
197.0 -2.944535747076739e-05
198.0 -2.9214202421763737e-05
199.0 -2.897246212673838e-05
200.0 -2.87204934503859e-05
201.0 -2.8458992327964477e-05
202.0 -2.8188942567507225e-05
203.0 -2.7911567083043163e-05
204.0 -2.7628287105901066e-05
205.0 -2.734068867393208e-05
206.0 -2.7050490018853833e-05
207.0 -2.6759500206703005e-05
208.0 -2.6469559737620288e-05
209.0 -2.618245795319337e-05
210.0 -2.5899829084422115e-05
211.0 -2.5623036765290338e-05
212.0 -2.535306359932129e-05
213.0 -2.5090425868628633e-05
214.0 -2.4835132442712158e-05
215.0 -2.458670121093045e-05
216.0 -2.4344236928786275e-05
217.0 -2.4106563165910538e-05
218.0 -2.387239047385982e-05
219.0 -2.3640495261555454e-05
220.0 -2.3409880866111615e-05
221.0 -2.3179894645822176e-05
222.0 -2.2950282200646506e-05
223.0 -2.2721170645639402e-05
224.0 -2.2492985147554907e-05
225.0 -2.2266314364614076e-05
226.0 -2.204174890461514e-05
227.0 -2.1819720954008e-05
228.0 -2.160037222364803e-05
229.0 -2.1383471659765682e-05
230.0 -2.11683951935075e-05
231.0 -2.095416896196535e-05
232.0 -2.0739566968342096e-05
233.0 -2.0523245925615297e-05
234.0 -2.03038953774861e-05
235.0 -2.008038066717935e-05
236.0 -1.9851859636833647e-05
237.0 -1.9617860062619463e-05
238.0 -1.93783122776782e-05
239.0 -1.9133538619351334e-05
240.0 -1.888420693442308e-05
241.0 -1.8631258596778616e-05
242.0 -1.8375822203756907e-05
243.0 -1.8119122792550888e-05
244.0 -1.786239392914759e-05
245.0 -1.760679735831812e-05
246.0 -1.735335287936017e-05
247.0 -1.7102880164346036e-05
248.0 -1.6855954338779403e-05
249.0 -1.6612877875894214e-05
250.0 -1.6373672065403624e-05
251.0 -1.613809135339076e-05
252.0 -1.5905662767930833e-05
253.0 -1.567575034703316e-05
254.0 -1.5447641254781473e-05
255.0 -1.5220646702328372e-05
256.0 -1.4994207638737781e-05
257.0 -1.4767993175353854e-05
258.0 -1.4541979392574402e-05
259.0 -1.4316497766419511e-05
260.0 -1.4092245793857588e-05
261.0 -1.3870257004640557e-05
262.0 -1.3651832701271643e-05
263.0 -1.3438442649553641e-05
264.0 -1.3231605789291507e-05
265.0 -1.3032764279192947e-05
266.0 -1.28431645463244e-05
267.0 -1.266375751268223e-05
268.0 -1.2495127148888508e-05
269.0 -1.233745250677463e-05
270.0 -1.219050406959589e-05
271.0 -1.20536712813234e-05
272.0 -1.1926015008022114e-05
273.0 -1.1806336781354796e-05
274.0 -1.1693256083796883e-05
275.0 -1.1585287545450314e-05
276.0 -1.148091145256819e-05
277.0 -1.1378633042513963e-05
278.0 -1.1277028289076259e-05
279.0 -1.1174775930025534e-05
280.0 -1.107067712053166e-05
281.0 -1.0963665192976353e-05
282.0 -1.0852808554004119e-05
283.0 -1.0737309818842355e-05
284.0 -1.0616503978168805e-05
285.0 -1.0489857829565708e-05
286.0 -1.0356972186386006e-05
287.0 -1.0217587582924015e-05
288.0 -1.0071593389231234e-05
289.0 -9.919039486440635e-06
290.0 -9.760148988645912e-06
291.0 -9.59532998799045e-06
292.0 -9.425184003660228e-06
293.0 -9.250508779554853e-06
294.0 -9.072293324203504e-06
295.0 -8.891703611012797e-06
296.0 -8.710058111854766e-06
297.0 -8.52879324301433e-06
298.0 -8.349419758200039e-06
299.0 -8.173472019771235e-06
