10.0 0.5003063857355707
11.0 0.4214539995203839
12.0 0.3578075294234925
13.0 0.30580275925062234
14.0 0.2628678537730082
15.0 0.22710827254765958
16.0 0.19710284815983373
17.0 0.17176454188807744
18.0 0.1502466758014659
19.0 0.13188138273814431
20.0 0.11613715047110579
21.0 0.10258708952820562
22.0 0.09088465067963201
23.0 0.0807454926290544
24.0 0.07193436202681025
25.0 0.06425559756130253
26.0 0.057545866542817896
27.0 0.051668218586105805
28.0 0.04650717289215406
29.0 0.0419648359655286
30.0 0.03795791698381758
31.0 0.034415355768608324
32.0 0.03127634267765565
33.0 0.028488661815362953
34.0 0.026007354056091562
35.0 0.023793660821758374
36.0 0.021814153713742148
37.0 0.02003996029889411
38.0 0.018446070688067754
39.0 0.017010767580586734
40.0 0.015715193219305063
41.0 0.01454299657149102
42.0 0.013479992378759508
43.0 0.012513825754153603
44.0 0.011633689573594402
45.0 0.010830123536364752
46.0 0.010094866850252958
47.0 0.009420716086864244
48.0 0.008801373631806468
49.0 0.008231309779445299
50.0 0.007705658921343997
51.0 0.007220141300777419
52.0 0.006770988003790178
53.0 0.0063548614028670425
54.0 0.005968782681231507
55.0 0.005610079127030774
56.0 0.0052763501741062745
57.0 0.004965441517952925
58.0 0.004675419902500858
59.0 0.0044045496155111835
60.0 0.004151274425706997
61.0 0.003914204171467688
62.0 0.0036921003445649437
63.0 0.0034838557716447426
64.0 0.0032884692062865135
65.0 0.0031050209802205753
66.0 0.0029326564130870837
67.0 0.002770579433740285
68.0 0.0026180534661610147
69.0 0.0024744039814285812
70.0 0.0023390183829996116
71.0 0.002211342137555673
72.0 0.0020908724092617557
73.0 0.0019771506457561296
74.0 0.0018697546380804142
75.0 0.0017682902997528118
76.0 0.0016723842818700033
77.0 0.001581679412244294
78.0 0.0014958344463076676
79.0 0.001414527713235354
80.0 0.001337462293730185
81.0 0.001264369780618215
82.0 0.0011950106617812904
83.0 0.001129171004876488
84.0 0.001066656396199879
85.0 0.0010072846799971992
86.0 0.0009508792278206956
87.0 0.0008972644503706628
88.0 0.0008462648885026282
89.0 0.0007977082632046731
90.0 0.0007514315008035149
91.0 0.0007072875977331491
92.0 0.0006651508782392426
93.0 0.0006249188888217494
94.0 0.0005865104619780181
95.0 0.0005498607226954522
96.0 0.000514914530854665
97.0 0.0004816199448986359
98.0 0.0004499229327258171
99.0 0.00041976400384276957
100.0 0.0003910768960452028
101.0 0.00036378903646774516
102.0 0.00033782325845010513
103.0 0.0003131001890008987
104.0 0.0002895407849724668
105.0 0.0002670686323236043
106.0 0.0002456117859280552
107.0 0.0002251040893113153
108.0 0.00020548604866711033
109.0 0.00018670540628268757
110.0 0.00016871753044467636
111.0 0.00015148561553749885
112.0 0.00013498053057572836
113.0 0.00011918006756578333
114.0 0.00010406740240202094
115.0 8.962879365613798e-05
116.0 7.585082496231106e-05
117.0 6.271771725402104e-05
118.0 5.02092952724375e-05
119.0 3.830006165448713e-05
120.0 2.6959565699602393e-05
121.0 1.6153951023090112e-05
122.0 5.8483186037019136e-06
123.0 -3.99059956573961e-06
124.0 -1.339198911081978e-05
125.0 -2.2379190928192504e-05
126.0 -3.0968957763010976e-05
127.0 -3.917187156427336e-05
128.0 -4.6993845000469555e-05
129.0 -5.443841330381185e-05
130.0 -6.150935093080548e-05
131.0 -6.821306772282742e-05
132.0 -7.456028157347194e-05
133.0 -8.056662753664591e-05
134.0 -8.625210912879636e-05
135.0 -9.163956205705612e-05
136.0 -9.675251333593478e-05
137.0 -0.00010161292597327664
138.0 -0.0001062393006127105
139.0 -0.0001106454778620474
140.0 -0.00011484029447191554
141.0 -0.00011882805017638203
142.0 -0.0001226095891120122
143.0 -0.0001261837183024715
144.0 -0.0001295486788059294
145.0 -0.00013270343605459382
146.0 -0.0001356486383634067
147.0 -0.0001383871808769207
148.0 -0.00014092438794480495
149.0 -0.00014326788076122964
150.0 -0.00014542722700560372
151.0 -0.00014741347703596248
152.0 -0.0001492386800851309
153.0 -0.0001509154475917439
154.0 -0.00015245659422663126
155.0 -0.00015387484764917787
156.0 -0.00015518258515323462
157.0 -0.00015639153917354622
158.0 -0.00015751242121709165
159.0 -0.0001585544458836117
160.0 -0.00015952478577656423
161.0 -0.00016042803972422473
162.0 -0.0001612658332532865
163.0 -0.0001620366768354633
164.0 -0.0001627361773455622
165.0 -0.00016335763575486286
166.0 -0.0001638929840047651
167.0 -0.00016433393709308316
168.0 -0.00016467318344611778
169.0 -0.000164905422263983
170.0 -0.00016502808499776632
171.0 -0.00016504164242881093
172.0 -0.0001649494828674154
173.0 -0.00016475743017534591
174.0 -0.00016447303307767956
175.0 -0.00016410478599351356
176.0 -0.00016366143195510927
177.0 -0.00016315145548805377
178.0 -0.00016258281086370236
179.0 -0.00016196286617501193
180.0 -0.0001612984926583241
181.0 -0.00016059620287387898
182.0 -0.00015986224429659894
183.0 -0.00015910258215055115
184.0 -0.00015832274675386167
185.0 -0.00015752756383174656
186.0 -0.0001567208203446586
187.0 -0.0001559049366681307
188.0 -0.00015508071680693302
189.0 -0.00015424723432704
190.0 -0.0001534018879063401
191.0 -0.00015254063246473512
192.0 -0.00015165836466025996
193.0 -0.00015074941889770045
194.0 -0.00014980811462002148
195.0 -0.00014882928947214583
196.0 -0.00014780875700069374
197.0 -0.00014674364165701034
198.0 -0.00014563256595450828
199.0 -0.00014447569065514346
200.0 -0.00014327463328859974
201.0 -0.00014203230737569418
202.0 -0.0001407527300921857
203.0 -0.00013944083835735726
204.0 -0.00013810233472266915
205.0 -0.00013674356052766016
206.0 -0.00013537137197507662
207.0 -0.00013399298215614877
208.0 -0.0001326157332781609
209.0 -0.0001312467791281915
210.0 -0.00012989268455784042
211.0 -0.00012855897948163217
212.0 -0.00012724973096936817
213.0 -0.00012596721066581828
214.0 -0.00012471173105415526
215.0 -0.00012348170229518006
216.0 -0.00012227392530567358
217.0 -0.0001210840937602829
218.0 -0.00011990743701145963
219.0 -0.00011873940638999279
220.0 -0.0001175762955057932
221.0 -0.0001164156937948856
222.0 -0.00011525670018656001
223.0 -0.00011409986508535293
224.0 -0.00011294687594285506
225.0 -0.00011180004564222522
226.0 -0.00011066169565901233
227.0 -0.00010953354176224249
228.0 -0.00010841618649558895
229.0 -0.00010730880112853433
230.0 -0.00010620904479046329
231.0 -0.00010511322701755812
232.0 -0.00010401667976924654
233.0 -0.00010291427328267123
234.0 -0.00010180099206777685
235.0 -0.00010067248507551291
236.0 -9.95255165253979e-05
237.0 -9.83582671651831e-05
238.0 -9.717046418272316e-05
239.0 -9.596334551869668e-05
240.0 -9.473948584891473e-05
241.0 -9.350252396535842e-05
242.0 -9.225683414945065e-05
243.0 -9.100717918148262e-05
244.0 -8.975837319339206e-05
245.0 -8.851497243137231e-05
246.0 -8.728100427765807e-05
247.0 -8.605974126829795e-05
248.0 -8.485352725317527e-05
249.0 -8.366366566550858e-05
250.0 -8.24903826132328e-05
251.0 -8.133287767198857e-05
252.0 -8.018947113663544e-05
253.0 -7.90578476875219e-05
254.0 -7.793538402341176e-05
255.0 -7.681953427600148e-05
256.0 -7.5708234850067e-05
257.0 -7.460028254593318e-05
258.0 -7.349563848742474e-05
259.0 -7.239561634869456e-05
260.0 -7.130292609033279e-05
261.0 -7.02215620318272e-05
262.0 -6.915654384458422e-05
263.0 -6.81135378117859e-05
264.0 -6.709840054489974e-05
265.0 -6.61166960766123e-05
266.0 -6.517323875319611e-05
267.0 -6.427170873699935e-05
268.0 -6.341437544726932e-05
269.0 -6.260194900688407e-05
270.0 -6.183356325177216e-05
271.0 -6.110687859283548e-05
272.0 -6.041828104804823e-05
273.0 -5.976314638649148e-05
274.0 -5.9136135970094705e-05
275.0 -5.853149312777738e-05
276.0 -5.794331468457343e-05
277.0 -5.736578016318655e-05
278.0 -5.679332968641287e-05
279.0 -5.62207894481095e-05
280.0 -5.564344988376701e-05
281.0 -5.5057105899563856e-05
282.0 -5.445807066012767e-05
283.0 -5.384317473570197e-05
284.0 -5.320976127556851e-05
285.0 -5.255568574566351e-05
286.0 -5.1879326035419565e-05
287.0 -5.117960571227961e-05
288.0 -5.045603012356488e-05
289.0 -4.970873212440281e-05
290.0 -4.893852165708253e-05
291.0 -4.8146931443989276e-05
292.0 -4.733624990739362e-05
293.0 -4.650953227532187e-05
294.0 -4.5670581770654324e-05
295.0 -4.482389477829888e-05
296.0 -4.397456677142432e-05
297.0 -4.312815924954838e-05
298.0 -4.2290531611147894e-05
299.0 -4.1467645333486676e-05
