10.0 0.19195069650475924
11.0 0.15840304524365217
12.0 0.1317067568418793
13.0 0.11021460577261163
14.0 0.09274371122576047
15.0 0.07842753275220743
16.0 0.06661984611502943
17.0 0.05682858076542302
18.0 0.04867163955519594
19.0 0.041848662938433326
20.0 0.03612178333645457
21.0 0.03130101994143382
22.0 0.027232936784441192
23.0 0.02379220100539568
24.0 0.020875604070841065
25.0 0.018397842662749225
26.0 0.01628829922673966
27.0 0.014488341312738915
28.0 0.012949044567381534
29.0 0.011629400295146544
30.0 0.010494962251748615
31.0 0.009516776254965059
32.0 0.00867047328461399
33.0 0.007935501925008824
34.0 0.0072945133887312675
35.0 0.006732884508286214
36.0 0.006238324830990421
37.0 0.00580051636801864
38.0 0.005410782614651966
39.0 0.005061819997710075
40.0 0.004747503732328821
41.0 0.004462732929421579
42.0 0.004203272300544991
43.0 0.003965588909675046
44.0 0.0037467170985578664
45.0 0.003544171515762665
46.0 0.0033558900974274357
47.0 0.0031801756347799477
48.0 0.0030156272992800976
49.0 0.0028610782162986135
50.0 0.002715552984630653
51.0 0.0025782396020950925
52.0 0.002448461221329152
53.0 0.002325642955126944
54.0 0.002209281760949246
55.0 0.002098927937572687
56.0 0.0019941775536119278
57.0 0.0018946687693442018
58.0 0.0018000772741672225
59.0 0.0017101116876669078
60.0 0.0016245115127147141
61.0 0.0015430471846523844
62.0 0.0014655185433102718
63.0 0.0013917486007764405
64.0 0.0013215732829395925
65.0 0.001254831325907311
66.0 0.0011913588060340483
67.0 0.0011309899134060854
68.0 0.0010735619911443324
69.0 0.0010189211392813472
70.0 0.0009669255658096663
71.0 0.0009174460429873931
72.0 0.0008703643772647204
73.0 0.0008255709077039608
74.0 0.0007829614174270811
75.0 0.0007424336520572952
76.0 0.0007038842120259017
77.0 0.0006672071516563461
78.0 0.0006322952703159032
79.0 0.0005990438089753441
80.0 0.0005673549801589248
81.0 0.0005371413888678149
82.0 0.0005083270756637019
83.0 0.0004808460089902275
84.0 0.00045463869440977723
85.0 0.00042964795145065303
86.0 0.0004058150174797685
87.0 0.00038307711437887004
88.0 0.00036136735388082967
89.0 0.00034061721568035176
90.0 0.00032076092778922263
91.0 0.0003017403227353403
92.0 0.000283508551037832
93.0 0.00026603150543225065
94.0 0.0002492866723093113
95.0 0.00023325994951316965
96.0 0.00021794143956579515
97.0 0.00020332127793369688
98.0 0.0001893863077438612
99.0 0.00017611803960077097
100.0 0.00016349197359252353
101.0 0.00015147808673461927
102.0 0.000140042133550997
103.0 0.000129147366850768
104.0 0.00011875633132185504
105.0 0.00010883247579897183
106.0 9.934144009141348e-05
107.0 9.0251980496424e-05
108.0 8.153658756858687e-05
109.0 7.317189587611893e-05
110.0 6.51389657489286e-05
111.0 5.742343429109149e-05
112.0 5.001542960230653e-05
113.0 4.290908519332642e-05
114.0 3.610153336012961e-05
115.0 2.9591398142684666e-05
116.0 2.337699419216391e-05
117.0 1.7454582551849183e-05
118.0 1.1817070322164237e-05
119.0 6.4534514419927265e-06
120.0 1.3491072416889902e-06
121.0 -3.5131161063270844e-06
122.0 -8.151299567932006e-06
123.0 -1.2582650759345778e-05
124.0 -1.682186524460777e-05
125.0 -2.0879957540404244e-05
126.0 -2.476377697695615e-05
127.0 -2.8476297529774265e-05
128.0 -3.201762540661273e-05
129.0 -3.5386524635908694e-05
130.0 -3.858214848115174e-05
131.0 -4.160561371542268e-05
132.0 -4.446108528563512e-05
133.0 -4.71561491372508e-05
134.0 -4.970141543106689e-05
135.0 -5.210947012155694e-05
136.0 -5.439343312667773e-05
137.0 -5.656545069094497e-05
138.0 -5.863543490743219e-05
139.0 -6.061027664786877e-05
140.0 -6.249363030376747e-05
141.0 -6.428623791095053e-05
142.0 -6.598665908234714e-05
143.0 -6.759222007962686e-05
144.0 -6.909999202662332e-05
145.0 -7.05076432891702e-05
146.0 -7.181406672079295e-05
147.0 -7.301974164764205e-05
148.0 -7.412684091323827e-05
149.0 -7.513912891888892e-05
150.0 -7.60617161116582e-05
151.0 -7.690074012442289e-05
152.0 -7.766303595801805e-05
153.0 -7.835583973959273e-05
154.0 -7.898654604265882e-05
155.0 -7.956251239279414e-05
156.0 -8.009088279288515e-05
157.0 -8.057839151940602e-05
158.0 -8.103111371531787e-05
159.0 -8.145415082839308e-05
160.0 -8.185127166643217e-05
161.0 -8.222456403507043e-05
162.0 -8.257417590739709e-05
163.0 -8.289822904118805e-05
164.0 -8.31929675556309e-05
165.0 -8.345316220860377e-05
166.0 -8.367273783186396e-05
167.0 -8.384554047810783e-05
168.0 -8.396612610202378e-05
169.0 -8.4030443659613e-05
170.0 -8.40363050753564e-05
171.0 -8.398357778719732e-05
172.0 -8.387409171703226e-05
173.0 -8.371130778751256e-05
174.0 -8.349983652730589e-05
175.0 -8.324491393723079e-05
176.0 -8.295193480792359e-05
177.0 -8.262611479560427e-05
178.0 -8.227231070390232e-05
179.0 -8.189498511896058e-05
180.0 -8.149826772215049e-05
181.0 -8.108604870737344e-05
182.0 -8.066204201601008e-05
183.0 -8.02297745484986e-05
184.0 -7.979248526558349e-05
185.0 -7.935294687541913e-05
186.0 -7.891324539637054e-05
187.0 -7.847456487195823e-05
188.0 -7.803702485458142e-05
189.0 -7.759960875237605e-05
190.0 -7.716020515837676e-05
191.0 -7.671576562032799e-05
192.0 -7.626256424515981e-05
193.0 -7.579652956203024e-05
194.0 -7.531360899021371e-05
195.0 -7.481012233262816e-05
196.0 -7.428306361905434e-05
197.0 -7.373032017489662e-05
198.0 -7.315079260145112e-05
199.0 -7.25444167142084e-05
200.0 -7.19121047079736e-05
201.0 -7.125563407457415e-05
202.0 -7.057751622710307e-05
203.0 -6.988087147934376e-05
204.0 -6.916932453092103e-05
205.0 -6.844691864411103e-05
206.0 -6.771803219674843e-05
207.0 -6.698727297148544e-05
208.0 -6.62593264588501e-05
209.0 -6.553874504755418e-05
210.0 -6.482968282207534e-05
211.0 -6.413560109149485e-05
212.0 -6.345898702208268e-05
213.0 -6.28011366565574e-05
214.0 -6.216205092863489e-05
215.0 -6.154047860596749e-05
216.0 -6.093411598200274e-05
217.0 -6.033994452794996e-05
218.0 -5.9754660743605884e-05
219.0 -5.917513299929539e-05
220.0 -5.8598812551578184e-05
221.0 -5.802403194350999e-05
222.0 -5.745014263543e-05
223.0 -5.68774713754219e-05
224.0 -5.6307106200206244e-05
225.0 -5.5740552131783265e-05
226.0 -5.517931824379618e-05
227.0 -5.462450803325176e-05
228.0 -5.407648240775879e-05
229.0 -5.353464999959879e-05
230.0 -5.2997416049984226e-05
231.0 -5.246229340476451e-05
232.0 -5.1926152439507324e-05
233.0 -5.138556575296091e-05
234.0 -5.083719162676909e-05
235.0 -5.027813895523281e-05
236.0 -4.97062648485221e-05
237.0 -4.9120371781154925e-05
238.0 -4.852029019603493e-05
239.0 -4.7906850827947435e-05
240.0 -4.728176529770695e-05
241.0 -4.664744173651633e-05
242.0 -4.600676399656438e-05
243.0 -4.536285959854334e-05
244.0 -4.4718875192408536e-05
245.0 -4.4077771491439396e-05
246.0 -4.344214446371718e-05
247.0 -4.281407714075021e-05
248.0 -4.21950266648443e-05
249.0 -4.158575306288315e-05
250.0 -4.0986298043469506e-05
251.0 -4.039602220195715e-05
252.0 -3.981370625025497e-05
253.0 -3.923771601721786e-05
254.0 -3.866622271615075e-05
255.0 -3.809746086735523e-05
256.0 -3.752999822703859e-05
257.0 -3.6962986979834784e-05
258.0 -3.639636466790715e-05
259.0 -3.5830977405945534e-05
260.0 -3.526860648152373e-05
261.0 -3.471189122077348e-05
262.0 -3.4164154164102884e-05
263.0 -3.3629147055784426e-05
264.0 -3.3110745962827126e-05
265.0 -3.261262955153947e-05
266.0 -3.213797543823762e-05
267.0 -3.1689205683729185e-05
268.0 -3.126780476356521e-05
269.0 -3.087422312213177e-05
270.0 -3.050786839765511e-05
271.0 -3.0167176248655062e-05
272.0 -2.984974478102919e-05
273.0 -2.9552511726833038e-05
274.0 -2.927195203224168e-05
275.0 -2.900427508553681e-05
276.0 -2.8745604737156046e-05
277.0 -2.8492130572401274e-05
278.0 -2.8240224597077492e-05
279.0 -2.7986522729385205e-05
280.0 -2.772797465807742e-05
281.0 -2.746186842513474e-05
282.0 -2.7185837491834666e-05
283.0 -2.689785821823971e-05
284.0 -2.6596244902304695e-05
285.0 -2.6279648081436644e-05
286.0 -2.594705995860221e-05
287.0 -2.5597828784688545e-05
288.0 -2.5231681970008845e-05
289.0 -2.484875575025844e-05
290.0 -2.4449627535180283e-05
291.0 -2.4035345769057527e-05
292.0 -2.3607451378802038e-05
293.0 -2.3167984796584473e-05
294.0 -2.271947318228787e-05
295.0 -2.226489381322503e-05
296.0 -2.1807611538395884e-05
297.0 -2.1351290509241167e-05
298.0 -2.0899782839161304e-05
299.0 -2.045699913185561e-05
