10.0 0.46260090678505583
11.0 0.3878617738625422
12.0 0.32774819377761294
13.0 0.27880897575638197
14.0 0.23855701335765406
15.0 0.20516287158766497
16.0 0.1772563402637903
17.0 0.1537905916893502
18.0 0.13395091431304515
19.0 0.11709523509068878
20.0 0.10271322207376588
21.0 0.0903955918409272
22.0 0.07981052901981499
23.0 0.07068609374009881
24.0 0.0627975650812632
25.0 0.05595834139124721
26.0 0.0500129841124419
27.0 0.044831486243852754
28.0 0.040304511248643926
29.0 0.0363396345305385
30.0 0.032858467905186525
31.0 0.029794377107989024
32.0 0.027090568877472455
33.0 0.02469848545840325
34.0 0.022576511507827905
35.0 0.020688957510793558
36.0 0.01900522216267849
37.0 0.017499041227211114
38.0 0.016147810098068434
39.0 0.014932028961277617
40.0 0.013834886821210209
41.0 0.012841924439426668
42.0 0.011940703757883553
43.0 0.011120478464203632
44.0 0.010371917818485106
45.0 0.009686915409518982
46.0 0.009058452749958286
47.0 0.008480465730180454
48.0 0.007947698753124323
49.0 0.007455571939121383
50.0 0.0070000837083319285
51.0 0.0065777395787986834
52.0 0.0061854831567037865
53.0 0.005820621115508775
54.0 0.005480754922554149
55.0 0.0051637331048235815
56.0 0.004867622944507042
57.0 0.004590690082024574
58.0 0.0043313780924933345
59.0 0.004088289249113695
60.0 0.0038601705755334503
61.0 0.0036459043708519713
62.0 0.003444497132786877
63.0 0.0032550616503415897
64.0 0.003076793224469156
65.0 0.002908946726535947
66.0 0.0027508217613596026
67.0 0.0026017585780271383
68.0 0.0024611415270031412
69.0 0.002328404013892905
70.0 0.002203030294970664
71.0 0.0020845529831994636
72.0 0.0019725476676547816
73.0 0.0018666262439217328
74.0 0.0017664295419867631
75.0 0.0016716195345830819
76.0 0.00158187234889508
77.0 0.0014968742401371847
78.0 0.0014163221352939599
79.0 0.001339928290264971
80.0 0.0012674265009684806
81.0 0.0011985766860685074
82.0 0.0011331657385433656
83.0 0.0010710043220054945
84.0 0.0010119206625361743
85.0 0.0009557530230224003
86.0 0.0009023427378855208
87.0 0.0008515296604985013
88.0 0.0008031514629843764
89.0 0.0007570471889380092
90.0 0.0007130639844709437
91.0 0.0006710646915881399
92.0 0.0006309336596240381
93.0 0.0005925788854429961
94.0 0.0005559299919329809
95.0 0.0005209328964412528
96.0 0.00048754279507033736
97.0 0.00045571718239321464
98.0 0.00042541023172215474
99.0 0.00039656926019034815
100.0 0.0003691334162782108
101.0 0.000343034280413188
102.0 0.0003181978128738614
103.0 0.00029454701317318085
104.0 0.00027200472565215084
105.0 0.0002504961750618615
106.0 0.00022995099339489453
107.0 0.00021030467487225004
108.0 0.00019149954195058446
109.0 0.00017348538132749608
110.0 0.000156219877929856
111.0 0.00013966884090196434
112.0 0.00012380604730989278
113.0 0.00010861243570228895
114.0 9.40744486307272e-05
115.0 8.018155373939305e-05
116.0 6.692327615508438e-05
117.0 5.428631257059782e-05
118.0 4.2252358832578134e-05
119.0 3.079713942074585e-05
120.0 1.9890838081018698e-05
121.0 9.499800861604938e-06
122.0 -4.108846657556782e-07
123.0 -9.874481947036274e-06
124.0 -1.8919946662331698e-05
125.0 -2.757002056127073e-05
126.0 -3.584043268450274e-05
127.0 -4.374035856455642e-05
128.0 -5.1274051425084925e-05
129.0 -5.844332473354851e-05
130.0 -6.525038057999453e-05
131.0 -7.170039325730188e-05
132.0 -7.780330459386871e-05
133.0 -8.357446508651907e-05
134.0 -8.903402160966439e-05
135.0 -9.42052387577669e-05
136.0 -9.911217051758742e-05
137.0 -0.0001037772139477178
138.0 -0.00010821905496497692
139.0 -0.00011245137706816755
140.0 -0.00011648249685269328
141.0 -0.0001203158774232377
142.0 -0.00012395130556919063
143.0 -0.00012738643100795492
144.0 -0.0001306183592625552
145.0 -0.0001336450455485922
146.0 -0.00013646632680220565
147.0 -0.00013908452484238362
148.0 -0.00014150463570068364
149.0 -0.00014373417834112633
150.0 -0.00014578280815706875
151.0 -0.00014766180883702123
152.0 -0.000149383563923006
153.0 -0.0001509610806855409
154.0 -0.0001524075992102582
155.0 -0.00015373627675057286
156.0 -0.00015495990184685398
157.0 -0.00015609057528966796
158.0 -0.00015713930335547414
159.0 -0.0001581154836008168
160.0 -0.00015902631673070367
161.0 -0.00015987623387067932
162.0 -0.00016066646794214628
163.0 -0.00016139490472858166
164.0 -0.00016205631641967605
165.0 -0.0001626430126890105
166.0 -0.00016314585763800484
167.0 -0.00016355551780216629
168.0 -0.00016386374935371877
169.0 -0.00016406451742001537
170.0 -0.00016415477162730712
171.0 -0.00016413477189596086
172.0 -0.0001640079496562292
173.0 -0.0001637803796973158
174.0 -0.00016346000563567014
175.0 -0.0001630557928462661
176.0 -0.00016257697192056874
177.0 -0.0001620324892028994
178.0 -0.00016143071314224112
179.0 -0.0001607793748025203
180.0 -0.00016008566568743814
181.0 -0.0001593563882435947
182.0 -0.0001585980577783991
183.0 -0.00015781688424308592
184.0 -0.00015701860730843423
185.0 -0.00015620820496070373
186.0 -0.0001553895327118018
187.0 -0.00015456497021947582
188.0 -0.00015373515290148564
189.0 -0.00015289885084786268
190.0 -0.00015205303149306884
191.0 -0.00015119311221139535
192.0 -0.0001503133795801155
193.0 -0.00014940752759062494
194.0 -0.000148469250524166
195.0 -0.00014749281962272957
196.0 -0.00014647357720842525
197.0 -0.00014540829727467265
198.0 -0.00014429538555510286
199.0 -0.00014313492028463076
200.0 -0.00014192856130410185
201.0 -0.00014067937358653782
202.0 -0.0001393916169914516
203.0 -0.00013807054557400547
204.0 -0.00013672223955612319
205.0 -0.00013535346714246897
206.0 -0.00013397154974711804
207.0 -0.0001325841905709125
208.0 -0.0001311992278521964
209.0 -0.00012982429125939042
210.0 -0.0001284663688912429
211.0 -0.00012713132558979062
212.0 -0.00012582344145997958
213.0 -0.00012454505417569208
214.0 -0.00012329638451098317
215.0 -0.0001220756008398355
216.0 -0.00012087913922158362
217.0 -0.00011970224913762771
218.0 -0.00011853969093789429
219.0 -0.00011738647919041214
220.0 -0.00011623855345739139
221.0 -0.00011509326752891091
222.0 -0.0001139496182103186
223.0 -0.00011280817960551757
224.0 -0.00011167075985635491
225.0 -0.0001105398448534619
226.0 -0.00010941792878948206
227.0 -0.00010830684839218351
228.0 -0.00010720723369711234
229.0 -0.00010611816473221631
230.0 -0.00010503708549598631
231.0 -0.00010395998162848089
232.0 -0.00010288178467264622
233.0 -0.0001017969315669582
234.0 -0.0001006999885489751
235.0 -9.958624631539965e-05
236.0 -9.845220689376453e-05
237.0 -9.729590799936241e-05
238.0 -9.611706152185184e-05
239.0 -9.491701261945165e-05
240.0 -9.369854918584986e-05
241.0 -9.24656049016419e-05
242.0 -9.122290212117473e-05
243.0 -8.997557542104521e-05
244.0 -8.872880636203055e-05
245.0 -8.748748899462762e-05
246.0 -8.625593725737e-05
247.0 -8.503764149299046e-05
248.0 -8.383508174487133e-05
249.0 -8.264960854498703e-05
250.0 -8.14814048675584e-05
251.0 -8.0329543090232e-05
252.0 -7.919214632573383e-05
253.0 -7.80666539473692e-05
254.0 -7.695017770078063e-05
255.0 -7.583991993596545e-05
256.0 -7.473361234835788e-05
257.0 -7.362992523464232e-05
258.0 -7.252879588401368e-05
259.0 -7.14316312508463e-05
260.0 -7.034135387766457e-05
261.0 -6.926227914925513e-05
262.0 -6.819983336580242e-05
263.0 -6.716014242728454e-05
264.0 -6.614953695899514e-05
265.0 -6.517402910721459e-05
266.0 -6.4238817797495e-05
267.0 -6.334787310538712e-05
268.0 -6.250363789829969e-05
269.0 -6.1706868340321e-05
270.0 -6.0956616951080925e-05
271.0 -6.0250345377185484e-05
272.0 -5.958414108928875e-05
273.0 -5.895300426432386e-05
274.0 -5.835116860353532e-05
275.0 -5.777242231670919e-05
276.0 -5.7210401811344156e-05
277.0 -5.6658839207247726e-05
278.0 -5.6111754035194816e-05
279.0 -5.55635879776516e-05
280.0 -5.500928829209403e-05
281.0 -5.4444350127473796e-05
282.0 -5.386483024947711e-05
283.0 -5.3267344999078605e-05
284.0 -5.2649064064087216e-05
285.0 -5.200770932243154e-05
286.0 -5.134156504347778e-05
287.0 -5.064950244649013e-05
288.0 -4.993101827527322e-05
289.0 -4.918628388243279e-05
290.0 -4.841619855263244e-05
291.0 -4.762243867226131e-05
292.0 -4.680749311513642e-05
293.0 -4.5974675054917954e-05
294.0 -4.5128101438867884e-05
295.0 -4.42726335284688e-05
296.0 -4.341377504345218e-05
297.0 -4.255752820828945e-05
298.0 -4.17102119736539e-05
299.0 -4.0878250417140214e-05
