10.0 0.11748733411727612
11.0 0.0999997309243351
12.0 0.08576953893131277
13.0 0.07404560946785989
14.0 0.06428416789785316
15.0 0.05608319313027864
16.0 0.04913997992201649
17.0 0.04322230479505228
18.0 0.0381489110440874
19.0 0.033776496700461414
20.0 0.029990671959423985
21.0 0.026699253023671054
22.0 0.023827172104039368
23.0 0.021312669492203777
24.0 0.01910450429750838
25.0 0.017159906484073145
26.0 0.015443007134390596
27.0 0.013923569544407112
28.0 0.012575952676946441
29.0 0.011378290269666141
30.0 0.010311853219188712
31.0 0.009360541339067151
32.0 0.008510462455673959
33.0 0.007749582490845337
34.0 0.007067441946565539
35.0 0.006454929598174147
36.0 0.005904095916518826
37.0 0.005407989896458334
38.0 0.004960515136161756
39.0 0.0045563107008927016
40.0 0.004190658062009477
41.0 0.003859404415166697
42.0 0.0035588908176507617
43.0 0.003285883495527239
44.0 0.003037515384196193
45.0 0.002811242257426379
46.0 0.002604808823950586
47.0 0.0024162168754200968
48.0 0.0022436929210046495
49.0 0.0020856587844535167
50.0 0.0019407083219754478
51.0 0.001807588855744898
52.0 0.0016851837040176803
53.0 0.0015724944793227573
54.0 0.0014686249306748783
55.0 0.0013727683152423495
56.0 0.0012841981273246142
57.0 0.001202260471078221
58.0 0.001126366866757091
59.0 0.0010559876195860131
60.0 0.000990646318894226
61.0 0.000929915324139294
62.0 0.0008734113183843825
63.0 0.0008207901227747857
64.0 0.0007717408711144643
65.0 0.0007259804998584309
66.0 0.0006832496096733499
67.0 0.0006433100892663592
68.0 0.0006059440342885506
69.0 0.0005709530657226531
70.0 0.0005381573453442746
71.0 0.0005073940979272912
72.0 0.00047851582421032976
73.0 0.0004513884227540635
74.0 0.0004258892945606195
75.0 0.00040190546166255387
76.0 0.00037933187076944576
77.0 0.0003580701941008495
78.0 0.0003380283630898696
79.0 0.0003191207694247544
80.0 0.0003012687570123683
81.0 0.0002844009320057826
82.0 0.0002684529719591572
83.0 0.0002533668746329822
84.0 0.00023908979026823944
85.0 0.00022557267778036458
86.0 0.00021276905699865343
87.0 0.00020063412876483052
88.0 0.00018912447704184907
89.0 0.00017819841634760344
90.0 0.00016781683095609765
91.0 0.00015794416749177544
92.0 0.00014854919041197673
93.0 0.0001396052170837354
94.0 0.0001310897527014126
95.0 0.00012298364283308617
96.0 0.00011526997733347227
97.0 0.00010793299605829042
98.0 0.00010095719151407205
99.0 9.432671705184469e-05
100.0 8.802512374862316e-05
101.0 8.203538329960692e-05
102.0 7.634011585526266e-05
103.0 7.092193047719144e-05
104.0 6.576379530887822e-05
105.0 6.0849375710634065e-05
106.0 5.6163304212070164e-05
107.0 5.169137174607319e-05
108.0 4.742065112206904e-05
109.0 4.333957510902479e-05
110.0 3.943798724530708e-05
111.0 3.570716403318173e-05
112.0 3.21397824727662e-05
113.0 2.872979294747121e-05
114.0 2.5472167020318958e-05
115.0 2.236252339257648e-05
116.0 1.9396679943633856e-05
117.0 1.657021518267345e-05
118.0 1.387813220301952e-05
119.0 1.1314697899570901e-05
120.0 8.873488233864197e-06
121.0 6.547622256184897e-06
122.0 4.330128022498834e-06
123.0 2.2143606928510026e-06
124.0 1.9438815789337578e-07
125.0 -1.7347304000570575e-06
126.0 -3.576826215420041e-06
127.0 -5.334686446658341e-06
128.0 -7.01029232906013e-06
129.0 -8.605184153149914e-06
130.0 -1.0120879653017873e-05
131.0 -1.155925928099192e-05
132.0 -1.2922838117832086e-05
133.0 -1.4214869679725275e-05
134.0 -1.5439265731207003e-05
135.0 -1.6600358239164597e-05
136.0 -1.7702563613520344e-05
137.0 -1.8750026771550693e-05
138.0 -1.9746319982538794e-05
139.0 -2.0694251521431658e-05
140.0 -2.1595809109173194e-05
141.0 -2.2452231984269062e-05
142.0 -2.326418107056129e-05
143.0 -2.4031963576283174e-05
144.0 -2.4755767029492827e-05
145.0 -2.5435865626443314e-05
146.0 -2.6072774702729075e-05
147.0 -2.6667343070921122e-05
148.0 -2.7220784974838257e-05
149.0 -2.7734661996245015e-05
150.0 -2.8210830066720592e-05
151.0 -2.865136806090916e-05
152.0 -2.9058502765127835e-05
153.0 -2.9434540902031393e-05
154.0 -2.978181312675858e-05
155.0 -3.0102628646932745e-05
156.0 -3.0399233884087886e-05
157.0 -3.067376598846616e-05
158.0 -3.0928193182874136e-05
159.0 -3.116423897637705e-05
160.0 -3.1383295084399814e-05
161.0 -3.1586336115693585e-05
162.0 -3.1773854945615566e-05
163.0 -3.194583881795214e-05
164.0 -3.210180151611773e-05
165.0 -3.2240877082411436e-05
166.0 -3.236196785187795e-05
167.0 -3.246392730582523e-05
168.0 -3.2545749746723867e-05
169.0 -3.260673639208654e-05
170.0 -3.264661188661632e-05
171.0 -3.266557535209125e-05
172.0 -3.266428339567801e-05
173.0 -3.2643775717426016e-05
174.0 -3.260536398450778e-05
175.0 -3.255050930181506e-05
176.0 -3.2480712179464e-05
177.0 -3.239743220912878e-05
178.0 -3.230204480170058e-05
179.0 -3.219583204112314e-05
180.0 -3.207999658404945e-05
181.0 -3.195568338584683e-05
182.0 -3.182399443790641e-05
183.0 -3.16859859772001e-05
184.0 -3.1542644171915696e-05
185.0 -3.139484213530152e-05
186.0 -3.124328654840464e-05
187.0 -3.108846511043692e-05
188.0 -3.093060621189158e-05
189.0 -3.076966004238062e-05
190.0 -3.0605306598207844e-05
191.0 -3.043699163246947e-05
192.0 -3.0263987273529153e-05
193.0 -3.0085470425869846e-05
194.0 -2.9900609597388388e-05
195.0 -2.9708649780606617e-05
196.0 -2.9508985625558447e-05
197.0 -2.9301215349321945e-05
198.0 -2.9085171310908025e-05
199.0 -2.8860927302940867e-05
200.0 -2.86287864956311e-05
201.0 -2.8389256696835438e-05
202.0 -2.8143020470223686e-05
203.0 -2.7890906450644033e-05
204.0 -2.7633865263271234e-05
205.0 -2.7372949668167288e-05
206.0 -2.7109295085896166e-05
207.0 -2.684409464224716e-05
208.0 -2.6578563044280987e-05
209.0 -2.631388608751444e-05
210.0 -2.6051156832238614e-05
211.0 -2.5791304367658075e-05
212.0 -2.553502524508759e-05
213.0 -2.5282729862125564e-05
214.0 -2.5034515527861964e-05
215.0 -2.4790174515092364e-05
216.0 -2.4549239700869954e-05
217.0 -2.4311063575857677e-05
218.0 -2.4074919923884966e-05
219.0 -2.3840112746148042e-05
220.0 -2.3606075073080145e-05
221.0 -2.337244162165669e-05
222.0 -2.3139083594116716e-05
223.0 -2.2906100441739812e-05
224.0 -2.2673770880884996e-05
225.0 -2.2442472437997082e-05
226.0 -2.2212584031212633e-05
227.0 -2.1984388652004854e-05
228.0 -2.1757992703788968e-05
229.0 -2.1533275182369867e-05
230.0 -2.1309874367225754e-05
231.0 -2.1087213125987036e-05
232.0 -2.0864557555582875e-05
233.0 -2.0641098633027375e-05
234.0 -2.0416043647028258e-05
235.0 -2.018870378050816e-05
236.0 -1.9958566151110623e-05
237.0 -1.9725342280836532e-05
238.0 -1.9488989461355556e-05
239.0 -1.924970584487045e-05
240.0 -1.9007903512738895e-05
241.0 -1.876416576764807e-05
242.0 -1.851919537037022e-05
243.0 -1.8273759677354388e-05
244.0 -1.8028637155186238e-05
245.0 -1.7784568151040745e-05
246.0 -1.7542211580953603e-05
247.0 -1.730210862830359e-05
248.0 -1.7064654612131684e-05
249.0 -1.683008063511441e-05
250.0 -1.6598447060364774e-05
251.0 -1.6369650897532577e-05
252.0 -1.6143448528958425e-05
253.0 -1.5919493812481907e-05
254.0 -1.5697389627480875e-05
255.0 -1.5476748743896493e-05
256.0 -1.525725795009083e-05
257.0 -1.5038738122483757e-05
258.0 -1.4821192688641977e-05
259.0 -1.4604837863570262e-05
260.0 -1.4390110041025123e-05
261.0 -1.4177648507218082e-05
262.0 -1.3968254777184156e-05
263.0 -1.3762832837255855e-05
264.0 -1.3562316945744487e-05
265.0 -1.3367595047834482e-05
266.0 -1.317943612041402e-05
267.0 -1.2998428892713658e-05
268.0 -1.2824937584015501e-05
269.0 -1.2659077890071854e-05
270.0 -1.2500713835242787e-05
271.0 -1.234947368325273e-05
272.0 -1.2204781192245025e-05
273.0 -1.2065897317562373e-05
274.0 -1.1931967077662633e-05
275.0 -1.180206664107159e-05
276.0 -1.1675246597895559e-05
277.0 -1.1550568622274738e-05
278.0 -1.1427134076378564e-05
279.0 -1.1304104347824166e-05
280.0 -1.1180713706862847e-05
281.0 -1.1056276143644916e-05
282.0 -1.0930187990375471e-05
283.0 -1.0801928186317539e-05
284.0 -1.0671057869182745e-05
285.0 -1.0537220643606485e-05
286.0 -1.040014444785491e-05
287.0 -1.0259645462673381e-05
288.0 -1.0115634019492173e-05
289.0 -9.96812200239435e-06
290.0 -9.817230832689984e-06
291.0 -9.663198812065696e-06
292.0 -9.506386415937829e-06
293.0 -9.347278101725554e-06
294.0 -9.18647934308423e-06
295.0 -9.024707915941813e-06
296.0 -8.86277891867074e-06
297.0 -8.701583559085423e-06
298.0 -8.542062323904484e-06
299.0 -8.385173695517637e-06
