10.0 0.20219862327271707
11.0 0.17080267671177984
12.0 0.14554966804385197
13.0 0.12496683004060112
14.0 0.1079975761119687
15.0 0.09386885490586785
16.0 0.08200509811452276
17.0 0.0719690012198429
18.0 0.06342190524605315
19.0 0.056098342520745276
20.0 0.04978864094975631
21.0 0.04432575671250566
22.0 0.03957507731830382
23.0 0.03542683113443839
24.0 0.03179069593741611
25.0 0.028591983699042322
26.0 0.025768736530626113
27.0 0.023269310085971218
28.0 0.021050352308811474
29.0 0.01907522130560679
30.0 0.017312797962679486
31.0 0.015736555622829194
32.0 0.014323781365354374
33.0 0.013054925073707334
34.0 0.011913084982179283
35.0 0.010883615270343299
36.0 0.009953808252374156
37.0 0.009112605992451537
38.0 0.008350337301186107
39.0 0.007658507453387121
40.0 0.007029650250433815
41.0 0.006457212125958349
42.0 0.005935431681478093
43.0 0.005459213069527659
44.0 0.005024021279645907
45.0 0.004625816315058442
46.0 0.004261010936117598
47.0 0.003926425408586886
48.0 0.0036192320200671706
49.0 0.003336903184849995
50.0 0.003077175143403624
51.0 0.002838022752946962
52.0 0.0026176331632304832
53.0 0.0024143744744074412
54.0 0.002226766359912357
55.0 0.002053460069592452
56.0 0.001893227388421433
57.0 0.0017449526973566949
58.0 0.001607624178393878
59.0 0.0014803249701419124
60.0 0.0013622265487480331
61.0 0.0012525840098395477
62.0 0.0011507301764076005
63.0 0.0010560659054360015
64.0 0.0009680471893250566
65.0 0.0008861726212646453
66.0 0.0008099750457078524
67.0 0.0007390187740790031
68.0 0.0006729006903067402
69.0 0.000611252096962023
70.0 0.0005537388964677837
71.0 0.000500059546682245
72.0 0.00044994154709352487
73.0 0.00040313730307698004
74.0 0.0003594196802516737
75.0 0.00031857739931468766
76.0 0.00028041090923150213
77.0 0.00024472985932863067
78.0 0.00021135299715523763
79.0 0.0001801102387131599
80.0 0.00015084556464323412
81.0 0.00012341907970278129
82.0 9.770714455512264e-05
83.0 7.360042067952483e-05
84.0 5.1000385069503274e-05
85.0 2.9815198737638513e-05
86.0 9.955907641851394e-06
87.0 -8.666063875411114e-06
88.0 -2.6139386117536593e-05
89.0 -4.2551067357367927e-05
90.0 -5.7983039651781855e-05
91.0 -7.250830291818205e-05
92.0 -8.6188007106495e-05
93.0 -9.907045226455697e-05
94.0 -0.00011119225276926926
95.0 -0.00012258121215518038
96.0 -0.00013326005436491476
97.0 -0.00014325011292898405
98.0 -0.0001525742894928432
99.0 -0.00016125890918658058
100.0 -0.00016933440739882156
101.0 -0.00017683501520992658
102.0 -0.00018379774322192907
103.0 -0.00019026099826974796
104.0 -0.00019626312906323017
105.0 -0.00020184111771139648
106.0 -0.00020702954063910224
107.0 -0.00021185983036700826
108.0 -0.00021635979353200132
109.0 -0.00022055330111294858
110.0 -0.00022446008345550553
111.0 -0.00022809563291163835
112.0 -0.000231471304714812
113.0 -0.0002345947552045734
114.0 -0.00023747082101152915
115.0 -0.0002401028223132258
116.0 -0.00024249411525590538
117.0 -0.0002446495954268421
118.0 -0.0002465768234148949
119.0 -0.0002482865194955624
120.0 -0.0002497923261025605
121.0 -0.00025110990806629323
122.0 -0.0002522555996539039
123.0 -0.0002532448856711665
124.0 -0.0002540910178778968
125.0 -0.0002548040287858621
126.0 -0.0002553903262424387
127.0 -0.0002558529451233766
128.0 -0.00025619240894717883
129.0 -0.00025640803206302505
130.0 -0.0002564993973486583
131.0 -0.00025646770092477923
132.0 -0.0002563166810819717
133.0 -0.00025605294213274817
134.0 -0.0002556856236112787
135.0 -0.0002552255146625645
136.0 -0.0002546838327828425
137.0 -0.00025407094530337986
138.0 -0.0002533952996972164
139.0 -0.0002526627553426062
140.0 -0.000251876400734848
141.0 -0.00025103682899011825
142.0 -0.0002501427584223061
143.0 -0.00024919183974281766
144.0 -0.00024818148846501
145.0 -0.0002471096107798418
146.0 -0.0002459751383736125
147.0 -0.00024477833794999646
148.0 -0.00024352090407271407
149.0 -0.0002422058742593972
150.0 -0.00024083742186303584
151.0 -0.00023942058637155383
152.0 -0.00023796099416764253
153.0 -0.00023646460761901384
154.0 -0.00023493751952786862
155.0 -0.0002333857875999726
156.0 -0.00023181528498750762
157.0 -0.00023023153401696618
158.0 -0.00022863949462503954
159.0 -0.00022704329730590018
160.0 -0.00022544593822037304
161.0 -0.00022384898313012594
162.0 -0.00022225234731471606
163.0 -0.00022065422197603435
164.0 -0.00021905120037035816
165.0 -0.0002174386214038689
166.0 -0.0002158111031390246
167.0 -0.00021416319537185752
168.0 -0.00021249005084310777
169.0 -0.0002107880070177917
170.0 -0.00020905498691231377
171.0 -0.00020729066418909782
172.0 -0.00020549638544297878
173.0 -0.00020367488958889388
174.0 -0.00020182989951712037
175.0 -0.00019996567706868486
176.0 -0.00019808662650444315
177.0 -0.00019619700714604822
178.0 -0.00019430078030515494
179.0 -0.00019240157882897014
180.0 -0.00019050275881759432
181.0 -0.00018860747867702077
182.0 -0.00018671875259157906
183.0 -0.00018483944112462488
184.0 -0.00018297216525805471
185.0 -0.00018111915461189497
186.0 -0.00017928205981459055
187.0 -0.0001774617691974631
188.0 -0.00017565827028906075
189.0 -0.00017387058850797576
190.0 -0.0001720968218995908
191.0 -0.0001703342748873064
192.0 -0.00016857967865763397
193.0 -0.00016682947307128084
194.0 -0.0001650801163878755
195.0 -0.0001633283857687443
196.0 -0.000161571633940762
197.0 -0.00015980797553033927
198.0 -0.00015803638914603694
199.0 -0.0001562567360545678
200.0 -0.0001544697100738248
201.0 -0.00015267674291480595
202.0 -0.00015087989210665404
203.0 -0.00014908173417689955
204.0 -0.00014728527512882007
205.0 -0.00014549387670394692
206.0 -0.00014371118459741047
207.0 -0.00014194103769876924
208.0 -0.00014018733821239543
209.0 -0.000138453871513724
210.0 -0.00013674407974223257
211.0 -0.00013506081050444237
212.0 -0.00013340607671756584
213.0 -0.00013178087121137086
214.0 -0.00013018507746496665
215.0 -0.00012861750537536176
216.0 -0.00012707606048664765
217.0 -0.0001255580307678841
218.0 -0.0001240604520955173
219.0 -0.00012258049704623423
220.0 -0.00012111582508479166
221.0 -0.00011966483735306961
222.0 -0.00011822679505228094
223.0 -0.00011680178391774835
224.0 -0.00011539053395451857
225.0 -0.0001139941283970668
226.0 -0.00011261365425577338
227.0 -0.00011124985554140018
228.0 -0.0001099028480726583
229.0 -0.00010857194237467363
230.0 -0.00010725560125825464
231.0 -0.00010595153512269926
232.0 -0.00010465691531819837
233.0 -0.00010336866805394973
234.0 -0.00010208380126426484
235.0 -0.00010079971571796918
236.0 -9.951445886965302e-05
237.0 -9.822689324856092e-05
238.0 -9.693676736290638e-05
239.0 -9.564469269011988e-05
240.0 -9.435204248426306e-05
241.0 -9.306079510990743e-05
242.0 -9.177334615993045e-05
243.0 -9.049231073190883e-05
244.0 -8.922033182751249e-05
245.0 -8.795990505767937e-05
246.0 -8.671322544697567e-05
247.0 -8.54820600593951e-05
248.0 -8.426765041444404e-05
249.0 -8.307065023083879e-05
250.0 -8.189110559108863e-05
251.0 -8.072848468958193e-05
252.0 -7.958176198554504e-05
253.0 -7.844955658813347e-05
254.0 -7.733031769061919e-05
255.0 -7.622254213013174e-05
256.0 -7.512500230189894e-05
257.0 -7.403695833149568e-05
258.0 -7.295832771890232e-05
259.0 -7.18897891298438e-05
260.0 -7.083280426551328e-05
261.0 -6.978955174658111e-05
262.0 -6.876277813916614e-05
263.0 -6.775558183357377e-05
264.0 -6.677115383909461e-05
265.0 -6.581250441162149e-05
266.0 -6.488220520131687e-05
267.0 -6.398217333806409e-05
268.0 -6.311351730240228e-05
269.0 -6.22764557416859e-05
270.0 -6.147031101993293e-05
271.0 -6.069357065087432e-05
272.0 -5.994400301358411e-05
273.0 -5.9218809619846264e-05
274.0 -5.8514794917309476e-05
275.0 -5.7828535943427126e-05
276.0 -5.715653746373914e-05
277.0 -5.649536273711601e-05
278.0 -5.5841734888696625e-05
279.0 -5.5192608316512874e-05
280.0 -5.45452131039744e-05
281.0 -5.389707778954766e-05
282.0 -5.324603704188402e-05
283.0 -5.2590230941955795e-05
284.0 -5.1928101912383604e-05
285.0 -5.125839411876203e-05
286.0 -5.0580158608959164e-05
287.0 -4.989276573956626e-05
288.0 -4.919592469738333e-05
289.0 -4.84897082743489e-05
290.0 -4.777457961859549e-05
291.0 -4.705141658805178e-05
292.0 -4.632152869594075e-05
293.0 -4.558666156575764e-05
294.0 -4.484898436236832e-05
295.0 -4.411105680697518e-05
296.0 -4.3375774026359606e-05
297.0 -4.2646289457742726e-05
298.0 -4.192591810536189e-05
299.0 -4.121802438772011e-05
