10.0 0.1102264513928308
11.0 0.09344449033587297
12.0 0.07983186054494533
13.0 0.06865289802372378
14.0 0.059375751184570835
15.0 0.05160778720004365
16.0 0.04505381478122652
17.0 0.03948764901452841
18.0 0.034732902618278154
19.0 0.030650253091675937
20.0 0.027128620257075724
21.0 0.024078605913129072
22.0 0.021427499792726144
23.0 0.019115545989743767
24.0 0.017093220553283706
25.0 0.015319243329161058
26.0 0.01375905553556789
27.0 0.012383583596672545
28.0 0.011168225167032933
29.0 0.010092046734589091
30.0 0.009137162739142396
31.0 0.00828824124965562
32.0 0.007532093424686648
33.0 0.006857331407050575
34.0 0.006254091547677008
35.0 0.0057138143202929105
36.0 0.005229062918372745
37.0 0.004793363619859184
38.0 0.004401064168846939
39.0 0.004047216835220208
40.0 0.0037274879851235732
41.0 0.0034380838740784197
42.0 0.0031756803205343553
43.0 0.0029373547486645757
44.0 0.0027205285529262858
45.0 0.0025229246796223204
46.0 0.0023425354497971125
47.0 0.0021775920507665627
48.0 0.0020265329973375287
49.0 0.0018879754577454217
50.0 0.0017606929522771186
51.0 0.0016435979129527307
52.0 0.0015357251723104382
53.0 0.001436214966314917
54.0 0.0013442974303258582
55.0 0.0012592807802038028
56.0 0.0011805429969742609
57.0 0.0011075251465951339
58.0 0.001039725023586929
59.0 0.000976691275728511
60.0 0.0009180186435267507
61.0 0.0008633441657941518
62.0 0.000812343353035237
63.0 0.0007647254569981927
64.0 0.0007202279578486356
65.0 0.000678611325568818
66.0 0.0006396552175178165
67.0 0.0006031565410726409
68.0 0.0005689288698263777
69.0 0.0005368022348861795
70.0 0.000506622527515802
71.0 0.0004782503119415415
72.0 0.00045155925679554943
73.0 0.0004264344295822004
74.0 0.00040277053931472905
75.0 0.0003804701651510072
76.0 0.00035944216158778137
77.0 0.00033960058429302603
78.0 0.0003208643956506235
79.0 0.0003031578783809503
80.0 0.0002864113454013506
81.0 0.000270561629668368
82.0 0.00025555200761425204
83.0 0.0002413314945765566
84.0 0.0002278536730323855
85.0 0.00021507531948765656
86.0 0.00020295512959442124
87.0 0.000191452839774985
88.0 0.00018052897961623568
89.0 0.00017014532348281263
90.0 0.00016026587215373265
91.0 0.00015085799338312574
92.0 0.00014189329417399973
93.0 0.00013334791600458208
94.0 0.00012520216780171904
95.0 0.00011743962782549439
96.0 0.00011004597210678368
97.0 0.00010300780459591351
98.0 9.63117028725514e-05
99.0 8.994359797272498e-05
100.0 8.388851302634551e-05
101.0 7.813061329077355e-05
102.0 7.265347827150128e-05
103.0 6.744049452332708e-05
104.0 6.247527828951761e-05
105.0 5.774206050674065e-05
106.0 5.3225994881973157e-05
107.0 4.8913377861968065e-05
108.0 4.479179285519869e-05
109.0 4.085020351135049e-05
110.0 3.7079016123796385e-05
111.0 3.347010983890632e-05
112.0 3.0016806281181305e-05
113.0 2.6713734976176287e-05
114.0 2.3556561490513782e-05
115.0 2.0541582170957548e-05
116.0 1.7665238272075506e-05
117.0 1.4923640931533406e-05
118.0 1.2312208949452946e-05
119.0 9.825498851557352e-06
120.0 7.457260583515723e-06
121.0 5.200699469740796e-06
122.0 3.048881777271105e-06
123.0 9.951963302803394e-07
124.0 -9.662206132851025e-07
125.0 -2.8401788138096102e-06
126.0 -4.630303842963073e-06
127.0 -6.339108625729661e-06
128.0 -7.968254113285704e-06
129.0 -9.518948530350836e-06
130.0 -1.0992404515282372e-05
131.0 -1.2390259267768111e-05
132.0 -1.3714869867018163e-05
133.0 -1.4969424029467926e-05
134.0 -1.6157849234795822e-05
135.0 -1.728454921095625e-05
136.0 -1.8354033966733446e-05
137.0 -1.937052848737182e-05
138.0 -2.0337642226910557e-05
139.0 -2.1258159553999606e-05
140.0 -2.2133978284174487e-05
141.0 -2.296618928321101e-05
142.0 -2.3755263437247188e-05
143.0 -2.4501297966512278e-05
144.0 -2.5204272690501935e-05
145.0 -2.586427556344812e-05
146.0 -2.6481671037604788e-05
147.0 -2.7057200120218484e-05
148.0 -2.759201415955519e-05
149.0 -2.8087653794701958e-05
150.0 -2.854598975906784e-05
151.0 -2.896914364749595e-05
152.0 -2.93594048825122e-05
153.0 -2.9719155581247424e-05
154.0 -3.0050808688516883e-05
155.0 -3.035675787062516e-05
156.0 -3.063933193131264e-05
157.0 -3.090074366809594e-05
158.0 -3.1143024378883315e-05
159.0 -3.136794079338909e-05
160.0 -3.1576899752342534e-05
161.0 -3.177085496227033e-05
162.0 -3.19502365536352e-05
163.0 -3.211492537096155e-05
164.0 -3.2264288740805355e-05
165.0 -3.2397283633370203e-05
166.0 -3.25126191964216e-05
167.0 -3.2608957216902784e-05
168.0 -3.268511977961596e-05
169.0 -3.274027080244719e-05
170.0 -3.277404299843541e-05
171.0 -3.278659294435416e-05
172.0 -3.2778581534132105e-05
173.0 -3.275109158409111e-05
174.0 -3.2705505325963724e-05
175.0 -3.264336959869822e-05
176.0 -3.2566274943798034e-05
177.0 -3.247576744197827e-05
178.0 -3.237330129822028e-05
179.0 -3.226022888685777e-05
180.0 -3.213781606945556e-05
181.0 -3.200726606889399e-05
182.0 -3.1869735649875905e-05
183.0 -3.172633206476224e-05
184.0 -3.157808640994644e-05
185.0 -3.1425906549150606e-05
186.0 -3.127051870516754e-05
187.0 -3.111241002958092e-05
188.0 -3.095178463742479e-05
189.0 -3.0788543185386336e-05
190.0 -3.062229195335783e-05
191.0 -3.045238253577681e-05
192.0 -3.0277978517453827e-05
193.0 -3.0098141555440694e-05
194.0 -2.991192659156562e-05
195.0 -2.9718474819160385e-05
196.0 -2.951709371045966e-05
197.0 -2.930731584310265e-05
198.0 -2.9088932091960764e-05
199.0 -2.886199927572453e-05
200.0 -2.8626826603720253e-05
201.0 -2.8383948252499284e-05
202.0 -2.8134090354549985e-05
203.0 -2.787813935222642e-05
204.0 -2.761711544680502e-05
205.0 -2.7352150719074867e-05
206.0 -2.7084467699084546e-05
207.0 -2.6815351956026924e-05
208.0 -2.654611247763727e-05
209.0 -2.6278026342400414e-05
210.0 -2.6012268837487798e-05
211.0 -2.5749835523913315e-05
212.0 -2.549146730582463e-05
213.0 -2.5237591960821526e-05
214.0 -2.4988294968596313e-05
215.0 -2.4743328708224126e-05
216.0 -2.45021628321412e-05
217.0 -2.4264071146119178e-05
218.0 -2.402824322876284e-05
219.0 -2.3793903856474167e-05
220.0 -2.356042120189308e-05
221.0 -2.332738623604353e-05
222.0 -2.3094650538740074e-05
223.0 -2.286231689054109e-05
224.0 -2.263068520614935e-05
225.0 -2.240016402722974e-05
226.0 -2.2171163514882757e-05
227.0 -2.1943988666065845e-05
228.0 -2.1718750902890548e-05
229.0 -2.149531246825309e-05
230.0 -2.127327200005773e-05
231.0 -2.1051992449888593e-05
232.0 -2.083066551906669e-05
233.0 -2.0608401255499516e-05
234.0 -2.0384328286156502e-05
235.0 -2.0157689735641123e-05
236.0 -1.9927922020042127e-05
237.0 -1.969470773464398e-05
238.0 -1.9457998790344546e-05
239.0 -1.9218010739905626e-05
240.0 -1.897519298493719e-05
241.0 -1.8730181734340134e-05
242.0 -1.8483743098232947e-05
243.0 -1.8236712855044646e-05
244.0 -1.7989937799905918e-05
245.0 -1.7744221826827186e-05
246.0 -1.7500278559605096e-05
247.0 -1.725869172050825e-05
248.0 -1.7019884498573187e-05
249.0 -1.6784099671904936e-05
250.0 -1.655139271860781e-05
251.0 -1.6321640183400698e-05
252.0 -1.6094564852782625e-05
253.0 -1.5869777761992034e-05
254.0 -1.564683489749702e-05
255.0 -1.5425304063573967e-05
256.0 -1.5204835254845808e-05
257.0 -1.498522650940068e-05
258.0 -1.476647697101803e-05
259.0 -1.4548819914018653e-05
260.0 -1.4332730685584691e-05
261.0 -1.411890757853325e-05
262.0 -1.390822708362193e-05
263.0 -1.3701678239272989e-05
264.0 -1.3500283388846421e-05
265.0 -1.3305014187949402e-05
266.0 -1.3116711981059863e-05
267.0 -1.2936020705136005e-05
268.0 -1.2763338492553307e-05
269.0 -1.2598791499063468e-05
270.0 -1.244223061353667e-05
271.0 -1.2293249048814394e-05
272.0 -1.2151216724575738e-05
273.0 -1.2015326061274087e-05
274.0 -1.1884643384114097e-05
275.0 -1.1758160517029122e-05
276.0 -1.163484214449175e-05
277.0 -1.1513665885547326e-05
278.0 -1.139365350079957e-05
279.0 -1.12738930151632e-05
280.0 -1.1153552629419864e-05
281.0 -1.1031888031456953e-05
282.0 -1.0908245094034714e-05
283.0 -1.0782060002125265e-05
284.0 -1.0652858659518655e-05
285.0 -1.052025685751855e-05
286.0 -1.0383962215954452e-05
287.0 -1.0243778382255313e-05
288.0 -1.0099611439919439e-05
289.0 -9.951477969926247e-06
290.0 -9.799513764032477e-06
291.0 -9.643981846286744e-06
292.0 -9.485278257686647e-06
293.0 -9.323934030282738e-06
294.0 -9.160611938385449e-06
295.0 -8.996096960508477e-06
296.0 -8.831279886754905e-06
297.0 -8.667134110007688e-06
298.0 -8.504686278242236e-06
299.0 -8.344982086808519e-06
