10.0 0.09618878583790778
11.0 0.08078678945954673
12.0 0.06838061238508
13.0 0.0582652891305215
14.0 0.04993254751797572
15.0 0.04300829280946748
16.0 0.03721215287426338
17.0 0.03232983280939592
18.0 0.028194515887145593
19.0 0.024674691786859087
20.0 0.021665775112824418
21.0 0.019083833464261787
22.0 0.016860781043546425
23.0 0.01494079084466184
24.0 0.013277704710444592
25.0 0.011833164296315271
26.0 0.010575182452075645
27.0 0.00947697106263706
28.0 0.008515970598051344
29.0 0.007673083505189794
30.0 0.006932086030843494
31.0 0.006279161096288124
32.0 0.005702507800928992
33.0 0.005192014293937155
34.0 0.004738993991149343
35.0 0.004335977605117516
36.0 0.003976541803143785
37.0 0.00365515630320646
38.0 0.0033670465140431976
39.0 0.003108080756812473
40.0 0.0028746850140626314
41.0 0.0026637736264699995
42.0 0.002472681926896313
43.0 0.0022990996032460085
44.0 0.0021410146295181083
45.0 0.001996673786918682
46.0 0.001864554022479292
47.0 0.0017433346705172195
48.0 0.0016318675596862515
49.0 0.0015291497964664202
50.0 0.0014343034705732432
51.0 0.0013465605349623991
52.0 0.0012652482595682604
53.0 0.001189773662812738
54.0 0.0011196093339238
55.0 0.001054283275300157
56.0 0.0009933725585219038
57.0 0.0009364985934423477
58.0 0.0008833224850255958
59.0 0.0008335406967868258
60.0 0.0007868817959023741
61.0 0.0007431041197819336
62.0 0.0007019931982712594
63.0 0.0006633579227754371
64.0 0.0006270256335219183
65.0 0.0005928373982627367
66.0 0.0005606448687620165
67.0 0.0005303092233292002
68.0 0.0005017015876347551
69.0 0.0004747037783160635
70.0 0.0004492084757434097
71.0 0.00042511860300218713
72.0 0.00040234617275197027
73.0 0.00038081090278968755
74.0 0.0003604387096030744
75.0 0.0003411601318391639
76.0 0.00032290891559692977
77.0 0.0003056211732557577
78.0 0.0002892354239519841
79.0 0.00027369343018122656
80.0 0.00025894134268679057
81.0 0.00024493054496780344
82.0 0.00023161779309735083
83.0 0.00021896458545262509
84.0 0.00020693595993492506
85.0 0.00019549903886947076
86.0 0.00018462167950333432
87.0 0.0001742715843179045
88.0 0.00016441614758014894
89.0 0.00015502311672343654
90.0 0.00014606186535601458
91.0 0.00013750483671681204
92.0 0.00012932865225192197
93.0 0.00012151452276527405
94.0 0.00011404786596461523
95.0 0.00010691729062696658
96.0 0.00010011325625619463
97.0 9.362673605607903e-05
98.0 8.744813667943874e-05
99.0 8.156661409082456e-05
100.0 7.596981309253119e-05
101.0 7.064397261712385e-05
102.0 6.557428963341974e-05
103.0 6.0745420754031126e-05
104.0 5.614201374014085e-05
105.0 5.1749189274834035e-05
106.0 4.755292708763471e-05
107.0 4.354034397805964e-05
108.0 3.969987917381059e-05
109.0 3.6021417077134195e-05
110.0 3.249637164571164e-05
111.0 2.9117731157026544e-05
112.0 2.588002997890599e-05
113.0 2.2779196029534944e-05
114.0 1.981223528730222e-05
115.0 1.6976758656185316e-05
116.0 1.4270414414108295e-05
117.0 1.16903350265739e-05
118.0 9.232719099242745e-06
119.0 6.892642123103852e-06
120.0 4.664134637437085e-06
121.0 2.540503839881514e-06
122.0 5.148234943562276e-07
123.0 -1.4195121945758313e-06
124.0 -3.2682808570494833e-06
125.0 -5.036066808781425e-06
126.0 -6.726106610265518e-06
127.0 -8.340374596217651e-06
128.0 -9.87989248871675e-06
129.0 -1.1345202327826116e-05
130.0 -1.2736906491466015e-05
131.0 -1.4056162105742547e-05
132.0 -1.530502591465506e-05
133.0 -1.6486579364451404e-05
134.0 -1.760481446569361e-05
135.0 -1.8664315649717887e-05
136.0 -1.9669816786915556e-05
137.0 -2.062573467471529e-05
138.0 -2.1535776401703345e-05
139.0 -2.2402691598840795e-05
140.0 -2.3228201199314864e-05
141.0 -2.401309375019656e-05
142.0 -2.4757448727369915e-05
143.0 -2.5460929486062723e-05
144.0 -2.6123087065300353e-05
145.0 -2.6743626598766686e-05
146.0 -2.7322605129198205e-05
147.0 -2.7860547872959617e-05
148.0 -2.8358485630542658e-05
149.0 -2.8817927164854883e-05
150.0 -2.9240786546117037e-05
151.0 -2.962928707388045e-05
152.0 -2.9985861089572566e-05
153.0 -3.031305955186435e-05
154.0 -3.0613477688148084e-05
155.0 -3.0889694867124515e-05
156.0 -3.114422004476023e-05
157.0 -3.1379430792134596e-05
158.0 -3.1597495484582504e-05
159.0 -3.180027486595662e-05
160.0 -3.1989209355598804e-05
161.0 -3.2165209130563494e-05
162.0 -3.2328571559669574e-05
163.0 -3.24789519213917e-05
164.0 -3.2615407117697714e-05
165.0 -3.273651919606389e-05
166.0 -3.284058894398621e-05
167.0 -3.292587392912291e-05
168.0 -3.29908344189131e-05
169.0 -3.303434764637411e-05
170.0 -3.3055856777666407e-05
171.0 -3.3055434230889094e-05
172.0 -3.303375636548683e-05
173.0 -3.2992003751408254e-05
174.0 -3.293171419380114e-05
175.0 -3.285462162891771e-05
176.0 -3.276251200628128e-05
177.0 -3.265711844524942e-05
178.0 -3.25400650444201e-05
179.0 -3.241285529802214e-05
180.0 -3.2276890529667844e-05
181.0 -3.213349842252902e-05
182.0 -3.1983952334808e-05
183.0 -3.1829467729223045e-05
184.0 -3.167117060852779e-05
185.0 -3.1510041774465494e-05
186.0 -3.134684777110655e-05
187.0 -3.118207315142174e-05
188.0 -3.1015868878932535e-05
189.0 -3.0848028781739836e-05
190.0 -3.067800106044794e-05
191.0 -3.050493607719762e-05
192.0 -3.0327766037777285e-05
193.0 -3.0145307501077803e-05
194.0 -2.9956374474035317e-05
195.0 -2.975988857456001e-05
196.0 -2.9554973588480264e-05
197.0 -2.93410246624163e-05
198.0 -2.9117746938974077e-05
199.0 -2.8885163818710962e-05
200.0 -2.8643600081142542e-05
201.0 -2.8393648623256167e-05
202.0 -2.8136130681467735e-05
203.0 -2.7872057799972162e-05
204.0 -2.760259996215801e-05
205.0 -2.7329059360953895e-05
206.0 -2.7052844776226776e-05
207.0 -2.6775438919941923e-05
208.0 -2.6498351362990155e-05
209.0 -2.6223052919444972e-05
210.0 -2.5950892892123852e-05
211.0 -2.568300692844397e-05
212.0 -2.5420228625261007e-05
213.0 -2.516302084107891e-05
214.0 -2.491144190415383e-05
215.0 -2.466515740189714e-05
216.0 -2.4423500782741467e-05
217.0 -2.4185577120338955e-05
218.0 -2.3950395982660113e-05
219.0 -2.371701324781655e-05
220.0 -2.3484659263549738e-05
221.0 -2.325283253238609e-05
222.0 -2.3021343815744726e-05
223.0 -2.279030409036203e-05
224.0 -2.2560059519694807e-05
225.0 -2.2331085683939263e-05
226.0 -2.2103860076499368e-05
227.0 -2.187873513771528e-05
228.0 -2.1655833366143622e-05
229.0 -2.1434981592438826e-05
230.0 -2.1215694271579655e-05
231.0 -2.099720707620551e-05
232.0 -2.077855377240558e-05
233.0 -2.0558672811994806e-05
234.0 -2.0336526343550667e-05
235.0 -2.0111213877081736e-05
236.0 -1.9882065412331944e-05
237.0 -1.9648703654046528e-05
238.0 -1.941107081680027e-05
239.0 -1.9169421210829954e-05
240.0 -1.8924285247032663e-05
241.0 -1.8676413073519897e-05
242.0 -1.8426706647200474e-05
243.0 -1.8176148020236154e-05
244.0 -1.7925729670473926e-05
245.0 -1.7676390608911815e-05
246.0 -1.74289604022076e-05
247.0 -1.718411250148047e-05
248.0 -1.6942328353055935e-05
249.0 -1.670387434949332e-05
250.0 -1.6468794246210012e-05
251.0 -1.6236919703266827e-05
252.0 -1.600790075963646e-05
253.0 -1.5781256228510384e-05
254.0 -1.5556441438970052e-05
255.0 -1.533292791100233e-05
256.0 -1.5110287036379179e-05
257.0 -1.4888268229508234e-05
258.0 -1.466686173770536e-05
259.0 -1.4446337534947218e-05
260.0 -1.4227254351798835e-05
261.0 -1.4010436535069882e-05
262.0 -1.379692051358964e-05
263.0 -1.3587876523346254e-05
264.0 -1.3384514312037377e-05
265.0 -1.3187983346313029e-05
266.0 -1.2999278354758614e-05
267.0 -1.2819159879067602e-05
268.0 -1.2648097132358153e-05
269.0 -1.2486237309597317e-05
270.0 -1.2333402083042392e-05
271.0 -1.218910886087786e-05
272.0 -1.2052611913595726e-05
273.0 -1.192295694900194e-05
274.0 -1.1799042230502127e-05
275.0 -1.1679679798670885e-05
276.0 -1.1563651552703235e-05
277.0 -1.1449756580213239e-05
278.0 -1.1336847882875914e-05
279.0 -1.1223858265474703e-05
280.0 -1.1109816450199242e-05
281.0 -1.0993855351572863e-05
282.0 -1.0875214889687836e-05
283.0 -1.0753241781276415e-05
284.0 -1.0627388513584595e-05
285.0 -1.049721326584005e-05
286.0 -1.0362381978140307e-05
287.0 -1.0222673141970983e-05
288.0 -1.0077985250209062e-05
289.0 -9.928346240761018e-06
290.0 -9.773923740297656e-06
291.0 -9.615034508848531e-06
292.0 -9.452151248630179e-06
293.0 -9.285904908694343e-06
294.0 -9.11708081085028e-06
295.0 -8.946607335176008e-06
296.0 -8.775536499859046e-06
297.0 -8.605016487531277e-06
298.0 -8.436256928571546e-06
299.0 -8.270488464691952e-06
