10.0 0.5157320069870615
11.0 0.4357517446487046
12.0 0.3710464250793843
13.0 0.31805167496072206
14.0 0.2741932968115164
15.0 0.23757313500336913
16.0 0.20676583859814107
17.0 0.18068029458063936
18.0 0.15846617954264208
19.0 0.13945233880960656
20.0 0.1231041933808452
21.0 0.10899198264267691
22.0 0.09676652221109423
23.0 0.08614109175096012
24.0 0.07687828221347819
25.0 0.06878043616880669
26.0 0.06168233206263189
27.0 0.0554452183201302
28.0 0.04995190106980318
29.0 0.045102859701799815
30.0 0.04081325149535986
31.0 0.037010529098316286
32.0 0.033632456465053286
33.0 0.030625451935639515
34.0 0.027943249546559818
35.0 0.02554583821953711
36.0 0.023398587521911172
37.0 0.021471473925826504
38.0 0.019738390878410214
39.0 0.01817658048290852
40.0 0.016766198108556507
41.0 0.01548995645975565
42.0 0.01433278475751243
43.0 0.013281496234839714
44.0 0.012324507106227124
45.0 0.011451633476810587
46.0 0.010653940001253883
47.0 0.009923595082603896
48.0 0.009253718733786182
49.0 0.008638244189954172
50.0 0.008071812104363297
51.0 0.00754968936821056
52.0 0.007067691763034632
53.0 0.0066221030950922586
54.0 0.00620960148200247
55.0 0.005827204512108061
56.0 0.005472232322571132
57.0 0.005142278684633461
58.0 0.004835183183987271
59.0 0.004549005403551168
60.0 0.004282004530581882
61.0 0.004032623630723476
62.0 0.0037994733165166157
63.0 0.003581310228224443
64.0 0.0033770110334835042
65.0 0.0031855476111836614
66.0 0.0030059696177042513
67.0 0.00283739671364692
68.0 0.002679017724644552
69.0 0.002530091540149499
70.0 0.0023899457135138865
71.0 0.0022579717279161402
72.0 0.0021336180692213685
73.0 0.002016382429887459
74.0 0.001905803514595912
75.0 0.0018014526637331533
76.0 0.0017029263208376436
77.0 0.0016098411817016438
78.0 0.0015218334041765577
79.0 0.0014385614950976954
80.0 0.0013597106836544155
81.0 0.0012849960421723724
82.0 0.0012141625258773204
83.0 0.001146981621078537
84.0 0.0010832454726131327
85.0 0.001022759915627662
86.0 0.0009653380109061185
87.0 0.0009107956710512079
88.0 0.0008589506199476729
89.0 0.0008096250430912587
90.0 0.0007626510222543163
91.0 0.0007178767773260802
92.0 0.0006751714453264027
93.0 0.0006344267621948274
94.0 0.0005955552052126046
95.0 0.0005584853045418187
96.0 0.0005231555020624203
97.0 0.0004895080245953936
98.0 0.0004574839085662171
99.0 0.0004270198036164105
100.0 0.00039804668224777264
101.0 0.00037049019917058596
102.0 0.0003442722221898062
103.0 0.0003193129935150348
104.0 0.00029553343796330126
105.0 0.0002728572599476733
106.0 0.00025121262175051707
107.0 0.0002305333454414589
108.0 0.00021075970596375572
109.0 0.0001918389487888797
110.0 0.00017372563988522508
111.0 0.0001563818416650465
112.0 0.00013977696449310573
113.0 0.00012388706261218932
114.0 0.00010869339982668008
115.0 9.418030719157472e-05
116.0 8.033261496343517e-05
117.0 6.713314608266991e-05
118.0 5.456081323217407e-05
119.0 4.258974085474285e-05
120.0 3.118958734322889e-05
121.0 2.032696199415687e-05
122.0 9.967601389051879e-06
123.0 7.883823468781525e-08
124.0 -9.368131154669347e-06
125.0 -1.8396614011760616e-05
126.0 -2.702372997189143e-05
127.0 -3.526079476199723e-05
128.0 -4.311470943593409e-05
129.0 -5.059008430385622e-05
130.0 -5.7691667059602705e-05
131.0 -6.442656992651716e-05
132.0 -7.080582909939994e-05
133.0 -7.684498011736877e-05
134.0 -8.25635602597636e-05
135.0 -8.798369416926168e-05
136.0 -9.312811641243009e-05
137.0 -9.801808465812451e-05
138.0 -0.00010267162042885093
139.0 -0.00010710239667919148
140.0 -0.0001113194152373284
141.0 -0.00011532743528678836
142.0 -0.00011912797222213515
143.0 -0.0001227206104197996
144.0 -0.0001261043666777983
145.0 -0.00012927888790157974
146.0 -0.00013224534273712228
147.0 -0.00013500694851598222
148.0 -0.00013756914501057382
149.0 -0.00013993947645178076
150.0 -0.00014212727108660756
151.0 -0.0001441432149360584
152.0 -0.00014599890626564558
153.0 -0.00014770645300812534
154.0 -0.00014927814156378321
155.0 -0.00015072616880298633
156.0 -0.0001520623986100538
157.0 -0.00015329808924795135
158.0 -0.00015444354478730377
159.0 -0.0001555076735307587
160.0 -0.00015649748188019562
161.0 -0.000157417579967823
162.0 -0.000158269809313176
163.0 -0.00015905310899539795
164.0 -0.00015976370908479709
165.0 -0.00016039568232895665
166.0 -0.0001609418108964659
167.0 -0.00016139465363438846
168.0 -0.00016174765006587115
169.0 -0.0001619960838214893
170.0 -0.0001621377543757227
171.0 -0.0001621732653929838
172.0 -0.00016210591578717044
173.0 -0.00016194125669580784
174.0 -0.00016168643582644213
175.0 -0.00016134947744627626
176.0 -0.00016093863751449162
177.0 -0.00016046193405090586
178.0 -0.0001599268950605739
179.0 -0.00015934050617378507
180.0 -0.00015870929284136668
181.0 -0.00015803944792390113
182.0 -0.0001573369181299275
183.0 -0.00015660738794050612
184.0 -0.00015585613798585848
185.0 -0.0001550877948416045
186.0 -0.00015430602082432796
187.0 -0.00015351320937031287
188.0 -0.00015271025243688714
189.0 -0.0001518964334625429
190.0 -0.00015106947743617985
191.0 -0.0001502257637618718
192.0 -0.00014936068242366035
193.0 -0.00014846909294861612
194.0 -0.00014754583137108426
195.0 -0.00014658620461430318
196.0 -0.00014558641541813168
197.0 -0.00014454387395462675
198.0 -0.00014345737269618434
199.0 -0.0001423271251973514
200.0 -0.0001411546920948335
201.0 -0.0001399428334756227
202.0 -0.0001386953317789669
203.0 -0.00013741682226325985
204.0 -0.0001361126508649555
205.0 -0.00013478875714397086
206.0 -0.00013345155979379366
207.0 -0.00013210781047740794
208.0 -0.00013076438284795368
209.0 -0.00012942797820420117
210.0 -0.00012810475400058073
211.0 -0.000126799909891594
212.0 -0.00012551729019600133
213.0 -0.00012425907437199442
214.0 -0.00012302562371569576
215.0 -0.00012181553237045848
216.0 -0.00012062589735336938
217.0 -0.00011945278248936365
218.0 -0.00011829181341144323
219.0 -0.00011713881335855561
220.0 -0.0001159903784430774
221.0 -0.00011484429895905933
222.0 -0.00011369975881832326
223.0 -0.00011255728343038717
224.0 -0.00011141844994404124
225.0 -0.00011028541450760319
226.0 -0.00010916034159578606
227.0 -0.00010804483517105545
228.0 -0.0001069394682725877
229.0 -0.00010584348774373919
230.0 -0.00010475473846569997
231.0 -0.00010366981306335423
232.0 -0.00010258439582689353
233.0 -0.00010149374019963868
234.0 -0.00010039320238682933
235.0 -9.927875146730984e-05
236.0 -9.814738785984965e-05
237.0 -9.699742351471271e-05
238.0 -9.582860352204807e-05
239.0 -9.464207432195254e-05
240.0 -9.344022364953483e-05
241.0 -9.222642891932795e-05
242.0 -9.100475344236358e-05
243.0 -8.977962531941885e-05
244.0 -8.855552514149462e-05
245.0 -8.73366992553919e-05
246.0 -8.612690821563571e-05
247.0 -8.492921670374879e-05
248.0 -8.374583157877895e-05
249.0 -8.257799734029728e-05
250.0 -8.142596083421247e-05
251.0 -8.028901719457242e-05
252.0 -7.916564520272438e-05
253.0 -7.805373209638333e-05
254.0 -7.695087636721446e-05
255.0 -7.585474434805294e-05
256.0 -7.476344509468455e-05
257.0 -7.367588082392644e-05
258.0 -7.259202890098977e-05
259.0 -7.151311686699501e-05
260.0 -7.044166375122184e-05
261.0 -6.938137721549845e-05
262.0 -6.833691437697171e-05
263.0 -6.731353154643372e-05
264.0 -6.631666189275414e-05
265.0 -6.535146816301587e-05
266.0 -6.44224190167568e-05
267.0 -6.353293236908015e-05
268.0 -6.268511853022365e-05
269.0 -6.187964181265734e-05
270.0 -6.111570399081385e-05
271.0 -6.0391138853141806e-05
272.0 -5.970259598282906e-05
273.0 -5.9045785050553185e-05
274.0 -5.841574969594995e-05
275.0 -5.780714213332264e-05
276.0 -5.7214474957017114e-05
277.0 -5.66323339185862e-05
278.0 -5.6055543321460215e-05
279.0 -5.547928293639214e-05
280.0 -5.489916114419499e-05
281.0 -5.431125293412306e-05
282.0 -5.371211337798006e-05
283.0 -5.3098777487697086e-05
284.0 -5.246875632310225e-05
285.0 -5.18200372528517e-05
286.0 -5.115109374670725e-05
287.0 -5.0460907278627404e-05
288.0 -4.974900107105924e-05
289.0 -4.9015482705927574e-05
290.0 -4.8261090261638425e-05
291.0 -4.7487234814283626e-05
292.0 -4.6696031073319226e-05
293.0 -4.589030777493334e-05
294.0 -4.507359032077801e-05
295.0 -4.425004999649848e-05
296.0 -4.342441677549795e-05
297.0 -4.2601855928550056e-05
298.0 -4.178781206052429e-05
299.0 -4.098782739445196e-05
