10.0 0.45039928507944305
11.0 0.3768952106200721
12.0 0.3178601219101078
13.0 0.26987069075908116
14.0 0.23046111454319781
15.0 0.19781868382506684
16.0 0.17058655066501868
17.0 0.14772857467166708
18.0 0.1284386060277949
19.0 0.11208154310909466
20.0 0.09815285450243938
21.0 0.08624814706329356
22.0 0.07603974622962704
23.0 0.06725922990956944
24.0 0.05968489308276076
25.0 0.053132760294382325
26.0 0.047449716561071956
27.0 0.04250783186018043
28.0 0.038199635737853246
29.0 0.03443438862445738
30.0 0.031135234920409278
31.0 0.028236944338893864
32.0 0.025684015761492814
33.0 0.023429083757412095
34.0 0.021431636206046056
35.0 0.019657008198736194
36.0 0.018075553080851667
37.0 0.01666189653605621
38.0 0.015394261936371152
39.0 0.014253918629205166
40.0 0.013224770630015273
41.0 0.012293024116458016
42.0 0.011446859270034873
43.0 0.010676101504327207
44.0 0.00997194644751802
45.0 0.009326771630649877
46.0 0.00873400379016345
47.0 0.008187988101928589
48.0 0.007683843853063165
49.0 0.007217333025989131
50.0 0.00678476496853883
51.0 0.006382927676918875
52.0 0.006009020854395969
53.0 0.005660582332473222
54.0 0.005335421140326082
55.0 0.005031571531637084
56.0 0.004747266815454641
57.0 0.004480921061926073
58.0 0.004231110493624068
59.0 0.003996555855192758
60.0 0.003776110035139502
61.0 0.0035687501085288286
62.0 0.0033735675253140853
63.0 0.003189751055435548
64.0 0.0030165635150888456
65.0 0.002853319247578966
66.0 0.0026993698931046233
67.0 0.002554101180160417
68.0 0.0024169374157636428
69.0 0.002287347409943245
70.0 0.002164847025288645
71.0 0.002048997197839634
72.0 0.0019393988993375057
73.0 0.001835686707779883
74.0 0.0017375216021239613
75.0 0.001644583280957531
76.0 0.001556563277411283
77.0 0.0014731611090079487
78.0 0.0013940851274905136
79.0 0.0013190575925352273
80.0 0.0012478213166713596
81.0 0.0011801445877892688
82.0 0.0011158221981970586
83.0 0.001054672253604951
84.0 0.000996529858689183
85.0 0.0009412394323278845
86.0 0.0008886476003082399
87.0 0.000838598583909536
88.0 0.0007909335728643613
89.0 0.0007454944931507107
90.0 0.0007021310520162978
91.0 0.0006607086587112088
92.0 0.0006211144827251346
93.0 0.0005832596967350349
94.0 0.0005470774023930107
95.0 0.0005125171272301234
96.0 0.0004795375812039364
97.0 0.0004480994558928955
98.0 0.0004181596384435064
99.0 0.0003896675883833162
100.0 0.000362564017084896
101.0 0.0003367815467456084
102.0 0.0003122467607860867
103.0 0.00028888298586708005
104.0 0.00026661321966567765
105.0 0.00024536277362691725
106.0 0.0002250613841980839
107.0 0.00020564472819570463
108.0 0.0001870554291282917
109.0 0.00016924371995242043
110.0 0.00015216789536968473
111.0 0.00013579454778367382
112.0 0.00012009840665210945
113.0 0.00010506150419188745
114.0 9.067146002477893e-05
115.0 7.691891631761964e-05
116.0 6.379446890270702e-05
117.0 5.128568566651803e-05
118.0 3.9374866494789067e-05
119.0 2.8038049837602197e-05
120.0 1.724547099328314e-05
121.0 6.963337290210014e-06
122.0 -2.8434915071564044e-06
123.0 -1.2208485944621532e-05
124.0 -2.1160690564434595e-05
125.0 -2.9722750148558648e-05
126.0 -3.791008513231048e-05
127.0 -4.5731370999139734e-05
128.0 -5.319023131236366e-05
129.0 -6.028781109155807e-05
130.0 -6.702570607676455e-05
131.0 -7.340863578584185e-05
132.0 -7.94462977139515e-05
133.0 -8.515402440166929e-05
134.0 -9.055214172467897e-05
135.0 -9.566422337621333e-05
136.0 -0.0001005146741843039
137.0 -0.00010512619359242373
138.0 -0.0001095176477623848
139.0 -0.0001137027340088325
140.0 -0.00011768960653226784
141.0 -0.00012148141190311345
142.0 -0.0001250775116468294
143.0 -0.000128475078800936
144.0 -0.00013167074863162283
145.0 -0.0001346620618031479
146.0 -0.00013744853150363088
147.0 -0.00014003226547478257
148.0 -0.00014241815892651117
149.0 -0.000144613734568828
150.0 -0.00014662873923414378
151.0 -0.00014847461495914288
152.0 -0.00015016394957909302
153.0 -0.00015170998206337385
154.0 -0.00015312619659786674
155.0 -0.00015442599500868848
156.0 -0.00015562240029671327
157.0 -0.0001567277260418489
158.0 -0.0001577531551430302
159.0 -0.0001587082075228702
160.0 -0.00015960013159557358
161.0 -0.0001604333121016584
162.0 -0.00016120882763742735
163.0 -0.00016192429824788088
164.0 -0.00016257412936773245
165.0 -0.0001631501881466441
166.0 -0.00016364285832232123
167.0 -0.00016404233371414422
168.0 -0.00016433995139633566
169.0 -0.00016452934999343152
170.0 -0.00016460727101160055
171.0 -0.000164573893686501
172.0 -0.00016443268833227952
173.0 -0.00016418986647121826
174.0 -0.00016385357617705514
175.0 -0.00016343302292198605
176.0 -0.00016293768491352088
177.0 -0.00016237674359301167
178.0 -0.000161758779619083
179.0 -0.00016109171169026022
180.0 -0.00016038289840113174
181.0 -0.0001596392945906746
182.0 -0.00015886755721564394
183.0 -0.00015807402664492584
184.0 -0.0001572645559257465
185.0 -0.00015644420908293697
186.0 -0.00015561688769671463
187.0 -0.0001547849653781025
188.0 -0.00015394901052476277
189.0 -0.00015310766185574811
190.0 -0.00015225769440693713
191.0 -0.00015139428225346047
192.0 -0.0001505114337422251
193.0 -0.00014960254968739742
194.0 -0.0001486610378531154
195.0 -0.00014768091026711713
196.0 -0.0001466572946417797
197.0 -0.00014558680714721607
198.0 -0.00014446775866221547
199.0 -0.00014330019587249912
200.0 -0.00014208580597511
201.0 -0.00014082773281976754
202.0 -0.00013953035822073312
203.0 -0.00013819909334984962
204.0 -0.00013684020413968042
205.0 -0.00013546066774638833
206.0 -0.00013406803265044568
207.0 -0.00013267024087011348
208.0 -0.00013127537222051955
209.0 -0.00012989128834240072
210.0 -0.00012852518428640107
211.0 -0.0001271830898785533
212.0 -0.0001258693922792336
213.0 -0.00012458646632564584
214.0 -0.0001233344949086778
215.0 -0.00012211153703586803
216.0 -0.00012091386065808977
217.0 -0.00011973650909245914
218.0 -0.00011857402429277574
219.0 -0.00011742121724488457
220.0 -0.00011627386269862959
221.0 -0.00011512920536977667
222.0 -0.00011398619596223047
223.0 -0.00011284542187594433
224.0 -0.0001117087503499739
225.0 -0.00011057875105622113
226.0 -0.00010945800175694048
227.0 -0.00010834839816179151
228.0 -0.00010725058493096536
229.0 -0.00010616360036865093
230.0 -0.00010508478793395633
231.0 -0.00010400998105669369
232.0 -0.0001029339226652848
233.0 -0.00010185084535882584
234.0 -0.00010075511802999147
235.0 -9.964186237839327e-05
236.0 -9.850745690870176e-05
237.0 -9.734987228744156e-05
238.0 -9.616881395066166e-05
239.0 -9.4965678780412e-05
240.0 -9.374335679331839e-05
241.0 -9.250592269985566e-05
242.0 -9.125826531618214e-05
243.0 -9.000569716198133e-05
244.0 -8.875357590733954e-05
245.0 -8.750695789337204e-05
246.0 -8.627029525613477e-05
247.0 -8.504718411187436e-05
248.0 -8.384017171250254e-05
249.0 -8.265063363716947e-05
250.0 -8.14787351524273e-05
251.0 -8.032349104158722e-05
252.0 -7.918293355659663e-05
253.0 -7.805438825612546e-05
254.0 -7.693484357583777e-05
255.0 -7.58213845863348e-05
256.0 -7.471164778631973e-05
257.0 -7.36042451117617e-05
258.0 -7.249910393111759e-05
259.0 -7.139767658363671e-05
260.0 -7.030298736380932e-05
261.0 -6.921950467505159e-05
262.0 -6.815284826467783e-05
263.0 -6.710936248803675e-05
264.0 -6.609560315423424e-05
265.0 -6.511779522350524e-05
266.0 -6.418132021971531e-05
267.0 -6.329028582885928e-05
268.0 -6.244721718634141e-05
269.0 -6.165289217058211e-05
270.0 -6.0906324461222005e-05
271.0 -6.020488098761128e-05
272.0 -5.954450698589856e-05
273.0 -5.892002365485642e-05
274.0 -5.8325460818241064e-05
275.0 -5.775438958966302e-05
276.0 -5.7200226590109226e-05
277.0 -5.665649017490383e-05
278.0 -5.61169987092944e-05
279.0 -5.557600974393861e-05
280.0 -5.5028305970208895e-05
281.0 -5.446923856767627e-05
282.0 -5.389474093916796e-05
283.0 -5.330132614200543e-05
284.0 -5.26860800270193e-05
285.0 -5.2046659685321e-05
286.0 -5.138130371711553e-05
287.0 -5.068885742636998e-05
288.0 -4.99688125813804e-05
289.0 -4.92213580998056e-05
290.0 -4.844743515280411e-05
291.0 -4.764878798564337e-05
292.0 -4.682800047210699e-05
293.0 -4.5988508258623334e-05
294.0 -4.51345774186284e-05
295.0 -4.4271242790530875e-05
296.0 -4.340420241968582e-05
297.0 -4.2539668425059755e-05
298.0 -4.168417872868507e-05
299.0 -4.0844377951462117e-05
